  0.000000000000000E+000  0.483222082880535       0.515975788982464     
  9.775171065493646E-003  0.479570154686489       0.512022927433728     
  1.955034213098729E-002  0.475080729723935       0.507508524133126     
  2.932551319648094E-002  0.470761205173575       0.503107001410011     
  3.910068426197458E-002  0.466812577961752       0.498593638928290     
  4.887585532746823E-002  0.463138718633924       0.494042261269120     
  5.865102639296188E-002  0.459557572118520       0.489596885978751     
  6.842619745845552E-002  0.456006927319116       0.485187050945200     
  7.820136852394917E-002  0.452421950288783       0.480777586476100     
  8.797653958944282E-002  0.448737481201748       0.476538675541117     
  9.775171065493646E-002  0.444934671441515       0.472530361201395     
  0.107526881720430       0.441062172513028       0.468612597483461     
  0.117302052785924       0.437349366176414       0.464674911151687     
  0.127077223851417       0.433891996037117       0.460727998907564     
  0.136852394916911       0.430554098199726       0.456888423819725     
  0.146627565982405       0.427228473552224       0.453241231999240     
  0.156402737047898       0.423782125974497       0.449791298862236     
  0.166177908113392       0.420177212746479       0.446466445552717     
  0.175953079178886       0.416552208015954       0.443082460603835     
  0.185728250244379       0.413011807481877       0.439451798816495     
  0.195503421309873       0.409598065955479       0.435579930167885     
  0.205278592375367       0.406329586861243       0.431715031661509     
  0.215053763440860       0.403096598625747       0.428066196774278     
  0.224828934506354       0.399777666639483       0.424619581479337     
  0.234604105571848       0.396455619418061       0.421248958815295     
  0.244379276637341       0.393200153584961       0.417871981962652     
  0.254154447702835       0.389922538820087       0.414528057491585     
  0.263929618768328       0.386605703727308       0.411278854239351     
  0.273704789833822       0.383351812078655       0.408066739637623     
  0.283479960899316       0.380192980048627       0.404798324782439     
  0.293255131964809       0.377073459399851       0.401522693806343     
  0.303030303030303       0.374020410012173       0.398312072485339     
  0.312805474095797       0.371134463513975       0.395100290013247     
  0.322580645161290       0.368440067873888       0.391764442936785     
  0.332355816226784       0.365967420580222       0.388291663660467     
  0.342130987292278       0.363717925020068       0.384811926542667     
  0.351906158357771       0.361544688392337       0.381506134941603     
  0.361681329423265       0.359363725128664       0.378555352249261     
  0.371456500488759       0.357228659854007       0.375955990184110     
  0.381231671554252       0.355103961827244       0.373407875712042     
  0.391006842619746       0.352776050811024       0.370699394813674     
  0.400782013685239       0.350144278165251       0.367918806132584     
  0.410557184750733       0.347437481939930       0.365178858375678     
  0.420332355816227       0.344860176458742       0.362506125716435     
  0.430107526881720       0.342412493244840       0.359896970323438     
  0.439882697947214       0.340043754992157       0.357314986542291     
  0.449657869012708       0.337692018515815       0.354626536235799     
  0.459433040078201       0.335427840425409       0.351715764760763     
  0.469208211143695       0.333356699155445       0.348771233137940     
  0.478983382209189       0.331465209481323       0.346068278570933     
  0.488758553274682       0.329655846798167       0.343530132571813     
  0.498533724340176       0.327727918143611       0.341003446271732     
  0.508308895405670       0.325584193681541       0.338614688445810     
  0.518084066471163       0.323255992309449       0.336475325625057     
  0.527859237536657       0.320779483222693       0.334476496835298     
  0.537634408602151       0.318263218525912       0.332490981512437     
  0.547409579667644       0.315726507942126       0.330525899398724     
  0.557184750733138       0.313123158424420       0.328679968312265     
  0.566959921798632       0.310565329077949       0.326988620716406     
  0.576735092864125       0.308139208926179       0.325416928260256     
  0.586510263929619       0.305798032882937       0.323865818847123     
  0.596285434995112       0.303491851135693       0.322129683021477     
  0.606060606060606       0.301258507839712       0.319995524720957     
  0.615835777126100       0.299221607362824       0.317479255509749     
  0.625610948191593       0.297378363090389       0.314933950469405     
  0.635386119257087       0.295557123818733       0.312640275652130     
  0.645161290322581       0.293672015646951       0.310553381448064     
  0.654936461388074       0.291720005209687       0.308588034916879     
  0.664711632453568       0.289793392063213       0.306696552843545     
  0.674486803519062       0.288097627356843       0.304765785823708     
  0.684261974584555       0.286577947896174       0.302748837589178     
  0.694037145650049       0.285025580111230       0.300755151317296     
  0.703812316715543       0.283449706381686       0.298881280719488     
  0.713587487781036       0.281959525529434       0.297013913708079     
  0.723362658846530       0.280525617304439       0.295048443551619     
  0.733137829912023       0.278990909090814       0.293064768780515     
  0.742913000977517       0.277258235378228       0.291127104184180     
  0.752688172043011       0.275390405016196       0.289220491275553     
  0.762463343108504       0.273682422987719       0.287328176487689     
  0.772238514173998       0.272444552619657       0.285452203761944     
  0.782013685239492       0.271463393166126       0.283514288505530     
  0.791788856304985       0.270266959301717       0.281494795512475     
  0.801564027370479       0.268818025660825       0.279550730751812     
  0.811339198435973       0.267314778291524       0.277783419456608     
  0.821114369501466       0.265827560369256       0.276117789325054     
  0.830889540566960       0.264446623386857       0.274362113246582     
  0.840664711632454       0.263274393976340       0.272479904426660     
  0.850439882697947       0.262204754168779       0.270609780027360     
  0.860215053763441       0.261060948888810       0.268833217722723     
  0.869990224828935       0.259884161122472       0.267185861597009     
  0.879765395894428       0.258714117716151       0.265647146806135     
  0.889540566959922       0.257407792476305       0.264163356788947     
  0.899315738025415       0.255938758317492       0.262728277010360     
  0.909090909090909       0.254405778413967       0.261322295679411     
  0.918866080156403       0.252888823641921       0.259885277933705     
  0.928641251221896       0.251433915820020       0.258478170173186     
  0.938416422287390       0.250025650543936       0.257178194694317     
  0.948191593352884       0.248644047172370       0.255932003969119     
  0.957966764418377       0.247257466730126       0.254691954542390     
  0.967741935483871       0.245757934556716       0.253402384165370     
  0.977517106549365       0.244161340838818       0.251984675108516     
  0.987292277614858       0.242676068152052       0.250474233206993     
  0.997067448680352       0.241268663040144       0.249024006009232     
   1.00684261974585       0.239805355180360       0.247724027634046     
   1.01661779081134       0.238469296808969       0.246572244266440     
   1.02639296187683       0.237363593123391       0.245484819850886     
   1.03616813294233       0.236313842052581       0.244286368153080     
   1.04594330400782       0.235197894795986       0.242965909202952     
   1.05571847507331       0.234009895068290       0.241721153728794     
   1.06549364613881       0.232761044223730       0.240662514131947     
   1.07526881720430       0.231467080657334       0.239749281445853     
   1.08504398826979       0.230184011425558       0.238881369413843     
   1.09481915933529       0.229035499565717       0.237887313142954     
   1.10459433040078       0.228055395820004       0.236644026482557     
   1.11436950146628       0.227111659514156       0.235269119228189     
   1.12414467253177       0.226077414451124       0.233960587073740     
   1.13391984359726       0.224895972210996       0.232723791730771     
   1.14369501466276       0.223625116312361       0.231497221164031     
   1.15347018572825       0.222415190907699       0.230292004098126     
   1.16324535679374       0.221326108274834       0.229100552880016     
   1.17302052785924       0.220280091439995       0.227940216032925     
   1.18279569892473       0.219161377304389       0.226826702260505     
   1.19257086999022       0.217936234598923       0.225767654655532     
   1.20234604105572       0.216645619444116       0.224763133824119     
   1.21212121212121       0.215364653863059       0.223727550591509     
   1.22189638318671       0.214146170007505       0.222647064479396     
   1.23167155425220       0.212996838084860       0.221612650270179     
   1.24144672531769       0.211949326828904       0.220621945038099     
   1.25122189638319       0.210973055149702       0.219525316180746     
   1.26099706744868       0.209997922317407       0.218263048598647     
   1.27077223851417       0.209080100318434       0.217017612155958     
   1.28054740957967       0.208218744241870       0.215995061593910     
   1.29032258064516       0.207290103794570       0.215173869510595     
   1.30009775171065       0.206333298989811       0.214352341969675     
   1.30987292277615       0.205536832963749       0.213393055026475     
   1.31964809384164       0.204960521433205       0.212263494831280     
   1.32942326490714       0.204518792743475       0.211027204250101     
   1.33919843597263       0.204112708188073       0.209861482142752     
   1.34897360703812       0.203655631964841       0.208793569741404     
   1.35874877810362       0.203122920525337       0.207687347329093     
   1.36852394916911       0.202555697404548       0.206545324615919     
   1.37829912023460       0.201884440550378       0.205454251871250     
   1.38807429130010       0.200981376741655       0.204441812899059     
   1.39784946236559       0.199905797743477       0.203481057105916     
   1.40762463343109       0.198859927407736       0.202514042377076     
   1.41739980449658       0.198025676452326       0.201553093798957     
   1.42717497556207       0.197446456996475       0.200717654402479     
   1.43695014662757       0.196949916326360       0.200091320627447     
   1.44672531769306       0.196301584241271       0.199579408243753     
   1.45650048875855       0.195574857427247       0.199038832576525     
   1.46627565982405       0.195022544852725       0.198429449829212     
   1.47605083088954       0.194630046231982       0.197683845590440     
   1.48582600195503       0.194211694721430       0.196757270688074     
   1.49560117302053       0.193685620206343       0.195762911930171     
   1.50537634408602       0.193097397573740       0.194790320125986     
   1.51515151515152       0.192460897953034       0.193886165066448     
   1.52492668621701       0.191741110730476       0.193138264741125     
   1.53470185728250       0.190968107849135       0.192558909655530     
   1.54447702834800       0.190131831677344       0.192003456468591     
   1.55425219941349       0.189182748077005       0.191290539451477     
   1.56402737047898       0.188254858007586       0.190539563452765     
   1.57380254154448       0.187527917927287       0.189973918179973     
   1.58357771260997       0.186948867090535       0.189433774900952     
   1.59335288367546       0.186400013591255       0.188742649507959     
   1.60312805474096       0.185854746821124       0.188042263402331     
   1.61290322580645       0.185365104339538       0.187390463693665     
   1.62267839687195       0.184884670029754       0.186672254862015     
   1.63245356793744       0.184201305855576       0.185893235150608     
   1.64222873900293       0.183357697479294       0.185085160855897     
   1.65200391006843       0.182654070634640       0.184269843100057     
   1.66177908113392       0.182201627052142       0.183571244023182     
   1.67155425219941       0.181866496652785       0.183008749563551     
   1.68132942326491       0.181494058294889       0.182471141610420     
   1.69110459433040       0.181071078036069       0.181920740889419     
   1.70087976539589       0.180678033586734       0.181297393648141     
   1.71065493646139       0.180301678233838       0.180463605844267     
   1.72043010752688       0.179859987191587       0.179470087199337     
   1.73020527859238       0.179383869364254       0.178483397733822     
   1.73998044965787       0.178914246356036       0.177589987428571     
   1.74975562072336       0.178371414270647       0.176843693846009     
   1.75953079178886       0.177677404225474       0.176231506029858     
   1.76930596285435       0.176894552429800       0.175708987033893     
   1.77908113391984       0.176125964219804       0.175277467709965     
   1.78885630498534       0.175344504421401       0.174935934015433     
   1.79863147605083       0.174494049861360       0.174692320362138     
   1.80840664711632       0.173612527463815       0.174541478465122     
   1.81818181818182       0.172743098676900       0.174423293984908     
   1.82795698924731       0.171891070064267       0.174277380309925     
   1.83773216031281       0.171113658520983       0.174056896559557     
   1.84750733137830       0.170449619842702       0.173750934154626     
   1.85728250244379       0.169837924012433       0.173353999370166     
   1.86705767350929       0.169287009422250       0.172896970641771     
   1.87683284457478       0.168891154355735       0.172422948605300     
   1.88660801564027       0.168573693516641       0.171897206796781     
   1.89638318670577       0.168162873112238       0.171316451980749     
   1.90615835777126       0.167597761835568       0.170735992169176     
   1.91593352883675       0.166944573528451       0.170180372273580     
   1.92570869990225       0.166383801113964       0.169634305313701     
   1.93548387096774       0.165988799118795       0.169048535589230     
   1.94525904203324       0.165674706054160       0.168275652868230     
   1.95503421309873       0.165341600865368       0.167314964791743     
   1.96480938416422       0.164926506947865       0.166530189887831     
   1.97458455522972       0.164474146845519       0.166142545387189     
   1.98435972629521       0.164063134403545       0.165953706088571     
   1.99413489736070       0.163633167800176       0.165655015535522     
   2.00391006842620       0.163060186665531       0.165138435353628     
   2.01368523949169       0.162449255225522       0.164629757111153     
   2.02346041055718       0.161960416521435       0.164383848749596     
   2.03323558162268       0.161496057519034       0.164282768675254     
   2.04301075268817       0.160983071328059       0.164018319618883     
   2.05278592375367       0.160553951367107       0.163520083182100     
   2.06256109481916       0.160277424113036       0.162914855303760     
   2.07233626588465       0.160030161104408       0.162333991543533     
   2.08211143695015       0.159777771453572       0.161865375350476     
   2.09188660801564       0.159614695303741       0.161517156203328     
   2.10166177908113       0.159509201224668       0.161249830572375     
   2.11143695014663       0.159393664621955       0.161000062101434     
   2.12121212121212       0.159233867017587       0.160718230131793     
   2.13098729227761       0.158970011456707       0.160378134992459     
   2.14076246334311       0.158611458508900       0.159948676353306     
   2.15053763440860       0.158211447948412       0.159439379241692     
   2.16031280547410       0.157758658868316       0.158973621479231     
   2.17008797653959       0.157255926893098       0.158631405660566     
   2.17986314760508       0.156798772259469       0.158271303037812     
   2.18963831867058       0.156434233103899       0.157814011614649     
   2.19941348973607       0.156171887807417       0.157370046671838     
   2.20918866080156       0.156146170074187       0.156895277387326     
   2.21896383186706       0.156372888156250       0.156192413029537     
   2.22873900293255       0.156622951773191       0.155330521546325     
   2.23851417399804       0.156707588786525       0.154616883192576     
   2.24828934506354       0.156576188259171       0.154156731011368     
   2.25806451612903       0.156288635641587       0.153862016945775     
   2.26783968719453       0.156033866697115       0.153643767926381     
   2.27761485826002       0.156004364165509       0.153405148694850     
   2.28739002932551       0.156131103819327       0.153133602417291     
   2.29716520039101       0.156095258311090       0.152905950935886     
   2.30694037145650       0.155774805872639       0.152772725333389     
   2.31671554252199       0.155320056873082       0.152696681283911     
   2.32649071358749       0.154826023532277       0.152582763308746     
   2.33626588465298       0.154344486402562       0.152410236559340     
   2.34604105571848       0.153929552093584       0.152217506363366     
   2.35581622678397       0.153537219101731       0.151934576419981     
   2.36559139784946       0.153095315667407       0.151508955340742     
   2.37536656891496       0.152650174989597       0.151005764442673     
   2.38514173998045       0.152307628131127       0.150485222755469     
   2.39491691104594       0.152075428186601       0.150044418967422     
   2.40469208211144       0.151910862303342       0.149751140626224     
   2.41446725317693       0.151773973558798       0.149542519391555     
   2.42424242424242       0.151584799723730       0.149366782943496     
   2.43401759530792       0.151308700634532       0.149281648124209     
   2.44379276637341       0.151054966207355       0.149245993963319     
   2.45356793743891       0.150867632112191       0.149070036025447     
   2.46334310850440       0.150609765509668       0.148764747487300     
   2.47311827956989       0.150257095103100       0.148478995505666     
   2.48289345063539       0.149910731077259       0.148199915575086     
   2.49266862170088       0.149587530001166       0.147870826862717     
   2.50244379276637       0.149285244480503       0.147501517505587     
   2.51221896383187       0.149041835952853       0.147120092691971     
   2.52199413489736       0.148824300527824       0.146770377897329     
   2.53176930596285       0.148525758052653       0.146475137868990     
   2.54154447702835       0.148139641762011       0.146217737430839     
   2.55131964809384       0.147754085137258       0.145959492017647     
   2.56109481915934       0.147405996033913       0.145688429947653     
   2.57086999022483       0.147090997992422       0.145446334034703     
   2.58064516129032       0.146765296237626       0.145233428814850     
   2.59042033235582       0.146341677550358       0.145007804772335     
   2.60019550342131       0.145751428794251       0.144815833604230     
   2.60997067448680       0.145067930351009       0.144712854556722     
   2.61974584555230       0.144491448844942       0.144598988740842     
   2.62952101661779       0.144049500588293       0.144382889921547     
   2.63929618768328       0.143654113672046       0.144022756137442     
   2.64907135874878       0.143327713948581       0.143498821704602     
   2.65884652981427       0.143102673798917       0.142951950714849     
   2.66862170087977       0.142999946786672       0.142505877940643     
   2.67839687194526       0.142974730257866       0.142143753637990     
   2.68817204301075       0.142874496460616       0.141829115625931     
   2.69794721407625       0.142632282585893       0.141574235896631     
   2.70772238514174       0.142318762044092       0.141392104562060     
   2.71749755620723       0.142034198535349       0.141224855873402     
   2.72727272727273       0.141833943836153       0.140992393572154     
   2.73704789833822       0.141695951530289       0.140666659497206     
   2.74682306940371       0.141603178642715       0.140266318959604     
   2.75659824046921       0.141552388310536       0.139899030134978     
   2.76637341153470       0.141447879230905       0.139687139610218     
   2.77614858260020       0.141202889319416       0.139546233132692     
   2.78592375366569       0.140883476084752       0.139328117433764     
   2.79569892473118       0.140585670925242       0.138964997447268     
   2.80547409579668       0.140354394464268       0.138405732701357     
   2.81524926686217       0.140202111230271       0.137713961570383     
   2.82502443792766       0.140050986495839       0.137088431420897     
   2.83479960899316       0.139825063891731       0.136639212895509     
   2.84457478005865       0.139574095801502       0.136298068235823     
   2.85434995112414       0.139366587614413       0.135947880488264     
   2.86412512218964       0.139133784603389       0.135550310311293     
   2.87390029325513       0.138776782344257       0.135185498180225     
   2.88367546432063       0.138392796641245       0.134867938866468     
   2.89345063538612       0.138163543577191       0.134485277548993     
   2.90322580645161       0.138062121111519       0.134031972634148     
   2.91300097751711       0.137897951458208       0.133644360012037     
   2.92277614858260       0.137577546530372       0.133317546659076     
   2.93255131964809       0.137136854504683       0.132882863538359     
   2.94232649071359       0.136615817631218       0.132332466976529     
   2.95210166177908       0.136095870565056       0.131809732362247     
   2.96187683284457       0.135719113942619       0.131340222579117     
   2.97165200391007       0.135516942569222       0.130876237204706     
   2.98142717497556       0.135374947031911       0.130436556760791     
   2.99120234604106       0.135203314948017       0.130062821975240     
   3.00097751710655       0.135064480199036       0.129795910197887     
   3.01075268817204       0.135066196132619       0.129682919144401     
   3.02052785923754       0.135098133639422       0.129716221190844     
   3.03030303030303       0.134990853506350       0.129759165844418     
   3.04007820136852       0.134804056595479       0.129668559113197     
   3.04985337243402       0.134630179257859       0.129445580234388     
   3.05962854349951       0.134434457867269       0.129180098775194     
   3.06940371456500       0.134218335934590       0.128922341637164     
   3.07917888563050       0.134044804153975       0.128638110883954     
   3.08895405669599       0.133841266918132       0.128321421541266     
   3.09872922776149       0.133527276412363       0.128018396333095     
   3.10850439882698       0.133198625690294       0.127772047204705     
   3.11827956989247       0.132898688375987       0.127606507199837     
   3.12805474095797       0.132602448138133       0.127482889400964     
   3.13782991202346       0.132335674636351       0.127328825924810     
   3.14760508308895       0.132066736256365       0.127173837469637     
   3.15738025415445       0.131745410138125       0.127090252762019     
   3.16715542521994       0.131435724427893       0.127015877299001     
   3.17693059628543       0.131228375986609       0.126840158988604     
   3.18670576735093       0.131072322164782       0.126558485204411     
   3.19648093841642       0.130879969824613       0.126226860974708     
   3.20625610948192       0.130666085698876       0.125896412355553     
   3.21603128054741       0.130450719056203       0.125603549756435     
   3.22580645161290       0.130228735955199       0.125361742133011     
   3.23558162267840       0.129985518008357       0.125175999946939     
   3.24535679374389       0.129742573718390       0.125083360205124     
   3.25513196480938       0.129566044227847       0.125097261963466     
   3.26490713587488       0.129384045310391       0.125136971785420     
   3.27468230694037       0.129132886922359       0.125114547444870     
   3.28445747800587       0.128903029446599       0.124976902668612     
   3.29423264907136       0.128701287983978       0.124749991930574     
   3.30400782013685       0.128469339393949       0.124533253855159     
   3.31378299120235       0.128214933044677       0.124346989511964     
   3.32355816226784       0.127916069986847       0.124129538482336     
   3.33333333333333       0.127555207673675       0.123877201893313     
   3.34310850439883       0.127188631020467       0.123654482096117     
   3.35288367546432       0.126852924852433       0.123463429604209     
   3.36265884652981       0.126600846288767       0.123295470638130     
   3.37243401759531       0.126445308120517       0.123249151668559     
   3.38220918866080       0.126193357450349       0.123269156619849     
   3.39198435972630       0.125757722724517       0.123240019997623     
   3.40175953079179       0.125295741290873       0.123238547033193     
   3.41153470185728       0.124837677150776       0.123249191186346     
   3.42130987292278       0.124355013964052       0.123194748867385     
   3.43108504398827       0.123939278362820       0.123084787590124     
   3.44086021505376       0.123636119133260       0.122953172769785     
   3.45063538611926       0.123417574173717       0.122920653431248     
   3.46041055718475       0.123266152057662       0.123069406794504     
   3.47018572825024       0.123160033197907       0.123249659268151     
   3.47996089931574       0.123084758632654       0.123287635116460     
   3.48973607038123       0.123059904654124       0.123144747622142     
   3.49951124144673       0.123082834760314       0.122818293464868     
   3.50928641251222       0.123099929964424       0.122442527883189     
   3.51906158357771       0.123047445895179       0.122194889876509     
   3.52883675464321       0.122919105178085       0.122049825327666     
   3.53861192570870       0.122764278169337       0.121964437725674     
   3.54838709677419       0.122617824147543       0.121949956405689     
   3.55816226783969       0.122479396459466       0.121903922189534     
   3.56793743890518       0.122322792356370       0.121769262334705     
   3.57771260997067       0.122091602920153       0.121599836286550     
   3.58748778103617       0.121823944245306       0.121407607198164     
   3.59726295210166       0.121664802300661       0.121242026074623     
   3.60703812316716       0.121622290799245       0.121187067756570     
   3.61681329423265       0.121595996733434       0.121202080069807     
   3.62658846529814       0.121567495130744       0.121185499797541     
   3.63636363636364       0.121571909345876       0.121107723173601     
   3.64613880742913       0.121573778076062       0.121012716972307     
   3.65591397849462       0.121433001425392       0.120966192953264     
   3.66568914956012       0.121056654988828       0.120994255133723     
   3.67546432062561       0.120579404640064       0.121064158887064     
   3.68523949169110       0.120212479134467       0.121112364435424     
   3.69501466275660       0.119965581067610       0.121093495798320     
   3.70478983382209       0.119727635552569       0.121020573981969     
   3.71456500488759       0.119495307907985       0.120923401702135     
   3.72434017595308       0.119385903389626       0.120843283379778     
   3.73411534701857       0.119443398478161       0.120779963071369     
   3.74389051808407       0.119554718421439       0.120662559712927     
   3.75366568914956       0.119597769536452       0.120511603190137     
   3.76344086021505       0.119554782989788       0.120476600859962     
   3.77321603128055       0.119501174523801       0.120578324538336     
   3.78299120234604       0.119522867514115       0.120629712433488     
   3.79276637341153       0.119629250406637       0.120587521992018     
   3.80254154447703       0.119764698891574       0.120539272650219     
   3.81231671554252       0.119857501873792       0.120509802806166     
   3.82209188660802       0.119888788003261       0.120533424666915     
   3.83186705767351       0.119911314234631       0.120599262510372     
   3.84164222873900       0.119922449086473       0.120575959822680     
   3.85141739980450       0.119862085121705       0.120382020062802     
   3.86119257086999       0.119713821018198       0.120163645181726     
   3.87096774193548       0.119479278469995       0.120046709761381     
   3.88074291300098       0.119183603195819       0.119951364590708     
   3.89051808406647       0.118852162133956       0.119826172349280     
   3.90029325513196       0.118465991547536       0.119677267574804     
   3.91006842619746       0.118011270666750       0.119470320285742     
   3.91984359726295       0.117564123538296       0.119198986008745     
   3.92961876832845       0.117243626291340       0.118902756571198     
   3.93939393939394       0.117038640309359       0.118662658465917     
   3.94916911045943       0.116865072377876       0.118520728372261     
   3.95894428152493       0.116683653723758       0.118435135044351     
   3.96871945259042       0.116521675969550       0.118396686994572     
   3.97849462365591       0.116438737377841       0.118471777954578     
   3.98826979472141       0.116436020206905       0.118639274568386     
   3.99804496578690       0.116492001398538       0.118714210663668     
   4.00782013685239       0.116588580994558       0.118625110707840     
   4.01759530791789       0.116649131616918       0.118515532907191     
   4.02737047898338       0.116610443872466       0.118525665329687     
   4.03714565004888       0.116536095176257       0.118694060273402     
   4.04692082111437       0.116504628472563       0.118842939330543     
   4.05669599217986       0.116496507341948       0.118653526471207     
   4.06647116324536       0.116481978492495       0.118133813355346     
   4.07624633431085       0.116486086591427       0.117653673532016     
   4.08602150537634       0.116538570704364       0.117467270850313     
   4.09579667644184       0.116618173022561       0.117511994942738     
   4.10557184750733       0.116677222382168       0.117580085728329     
   4.11534701857282       0.116690231705898       0.117574617026230     
   4.12512218963832       0.116663735314440       0.117550130915664     
   4.13489736070381       0.116619815262235       0.117529528541520     
   4.14467253176931       0.116567802633923       0.117452220823895     
   4.15444770283480       0.116487891282155       0.117274079952690     
   4.16422287390029       0.116301888231998       0.117028243174099     
   4.17399804496579       0.115969598996543       0.116816402268115     
   4.18377321603128       0.115619063456270       0.116705571079909     
   4.19354838709677       0.115360000557332       0.116627900179327     
   4.20332355816227       0.115217398626653       0.116488066587525     
   4.21309872922776       0.115244772300493       0.116293487071655     
   4.22287390029325       0.115427226438421       0.116104375297465     
   4.23264907135875       0.115634633610443       0.115955747066416     
   4.24242424242424       0.115742870786472       0.115831062106956     
   4.25219941348974       0.115727339000717       0.115677926723610     
   4.26197458455523       0.115562004885327       0.115521062735850     
   4.27174975562072       0.115249285983170       0.115424783144017     
   4.28152492668622       0.114879694138436       0.115336974374643     
   4.29130009775171       0.114489270725319       0.115197027404461     
   4.30107526881720       0.114156024178390       0.115105426587707     
   4.31085043988270       0.114002101118750       0.115123755951531     
   4.32062561094819       0.113992423497545       0.115132494037373     
   4.33040078201368       0.114009554257992       0.115072499893657     
   4.34017595307918       0.113998381333275       0.114981808080995     
   4.34995112414467       0.113889281963395       0.114899310854111     
   4.35972629521017       0.113644142291999       0.114862223140127     
   4.36950146627566       0.113391263896650       0.114815122820406     
   4.37927663734115       0.113244579104032       0.114684547210027     
   4.38905180840665       0.113177251398247       0.114556278067544     
   4.39882697947214       0.113137432060428       0.114549696517700     
   4.40860215053763       0.113123595551717       0.114587927775388     
   4.41837732160313       0.113142615891522       0.114457191080260     
   4.42815249266862       0.113216246679424       0.114119883262703     
   4.43792766373411       0.113331696108994       0.113756289995451     
   4.44770283479961       0.113413888703622       0.113505554753541     
   4.45747800586510       0.113449223125280       0.113380616014974     
   4.46725317693060       0.113451410116368       0.113343334150091     
   4.47702834799609       0.113454913809004       0.113317688330021     
   4.48680351906158       0.113522362553466       0.113224544615405     
   4.49657869012708       0.113624918288851       0.113121394412045     
   4.50635386119257       0.113742004796341       0.113092191917791     
   4.51612903225806       0.113916022981287       0.113086171897592     
   4.52590420332356       0.114081421596628       0.113068389221475     
   4.53567937438905       0.114110050793664       0.113129076102085     
   4.54545454545455       0.113999257639663       0.113315451477587     
   4.55522971652004       0.113879919515662       0.113494066817951     
   4.56500488758553       0.113860153052104       0.113594348294228     
   4.57478005865103       0.113940416084620       0.113716741506785     
   4.58455522971652       0.114064009188127       0.113882622982002     
   4.59433040078201       0.114191002173975       0.113997474239729     
   4.60410557184751       0.114300785772867       0.114071829420939     
   4.61388074291300       0.114351040876752       0.114227424562192     
   4.62365591397849       0.114340421848874       0.114492398307794     
   4.63343108504399       0.114353030541777       0.114763156835933     
   4.64320625610948       0.114446645641017       0.114920620268588     
   4.65298142717498       0.114545506144527       0.114890069712299     
   4.66275659824047       0.114556370137960       0.114720682440363     
   4.67253176930596       0.114505241049384       0.114590720060768     
   4.68230694037146       0.114398350674815       0.114596422586447     
   4.69208211143695       0.114190543007878       0.114680244990656     
   4.70185728250244       0.113922327590969       0.114762013988828     
   4.71163245356794       0.113685863070934       0.114780375013649     
   4.72140762463343       0.113563627614975       0.114723632322558     
   4.73118279569892       0.113608519261772       0.114650742941818     
   4.74095796676442       0.113735919462139       0.114602826658719     
   4.75073313782991       0.113810368457167       0.114570235838642     
   4.76050830889541       0.113897167433341       0.114493699032151     
   4.77028347996090       0.114111390006122       0.114333734270940     
   4.78005865102639       0.114341622213861       0.114143310440528     
   4.78983382209189       0.114415506212474       0.113997733366668     
   4.79960899315738       0.114344403735264       0.113912492791561     
   4.80938416422287       0.114281401293020       0.113913495464790     
   4.81915933528837       0.114303004807500       0.114086081270111     
   4.82893450635386       0.114329683035407       0.114355312453410     
   4.83870967741935       0.114315585783993       0.114485787323126     
   4.84848484848485       0.114305222832361       0.114422687104397     
   4.85826001955034       0.114309549988509       0.114287712717026     
   4.86803519061584       0.114272156217581       0.114144982956044     
   4.87781036168133       0.114164504589127       0.114013087870579     
   4.88758553274682       0.114086270966158       0.114016362582071     
   4.89736070381232       0.114150776224145       0.114267568146143     
   4.90713587487781       0.114261167755795       0.114633165244662     
   4.91691104594330       0.114243122849193       0.114893929872758     
   4.92668621700880       0.114140683729977       0.114962928776620     
   4.93646138807429       0.114069699070316       0.114877960316528     
   4.94623655913978       0.113978203563767       0.114735889560966     
   4.95601173020528       0.113837100942849       0.114660847878489     
   4.96578690127077       0.113764465533362       0.114773875945839     
   4.97556207233627       0.113804547381812       0.115045997459052     
   4.98533724340176       0.113901701172099       0.115314585692741     
   4.99511241446725       0.114032698274893       0.115501103254585     
   5.00488758553275       0.114181566738923       0.115660004625155     
   5.01466275659824       0.114330902259040       0.115777162994300     
   5.02443792766373       0.114471823684355       0.115793185385101     
   5.03421309872923       0.114567796831168       0.115788200475183     
   5.04398826979472       0.114536712599425       0.115836546549213     
   5.05376344086022       0.114306087113336       0.115945761378786     
   5.06353861192571       0.113966497650243       0.116081410367000     
   5.07331378299120       0.113703559652321       0.116142550410708     
   5.08308895405670       0.113537938035530       0.116180026886849     
   5.09286412512219       0.113379322069401       0.116307616631229     
   5.10263929618768       0.113225156192199       0.116441448651061     
   5.11241446725318       0.113151405693043       0.116480743308961     
   5.12218963831867       0.113193769192407       0.116486535646849     
   5.13196480938416       0.113240238853309       0.116558702714412     
   5.14173998044966       0.113193993880745       0.116661688670867     
   5.15151515151515       0.113149167936215       0.116617856046276     
   5.16129032258065       0.113169506907312       0.116292914441420     
   5.17106549364614       0.113176142605549       0.115835616132000     
   5.18084066471163       0.113106215860227       0.115492757889628     
   5.19061583577713       0.112979832790164       0.115291304411260     
   5.20039100684262       0.112832159979644       0.115204955138263     
   5.21016617790811       0.112608836319149       0.115215650079877     
   5.21994134897361       0.112241398603759       0.115211081512105     
   5.22971652003910       0.111878393444469       0.115137320429885     
   5.23949169110459       0.111663105159538       0.115100803108691     
   5.24926686217009       0.111491103565106       0.115192877349760     
   5.25904203323558       0.111288162241274       0.115349359507266     
   5.26881720430108       0.111095404869428       0.115496129870495     
   5.27859237536657       0.110943901271512       0.115646831582441     
   5.28836754643206       0.110889048278358       0.115768314584650     
   5.29814271749756       0.110972989824166       0.115789910049850     
   5.30791788856305       0.111088030257584       0.115817445110761     
   5.31769305962854       0.111087221554939       0.115976914755353     
   5.32746823069404       0.110993605567547       0.116166926851928     
   5.33724340175953       0.110904144398819       0.116282306331403     
   5.34701857282502       0.110868986544731       0.116295009317818     
   5.35679374389052       0.110924733553903       0.116198697804755     
   5.36656891495601       0.111041827059535       0.116158087306347     
   5.37634408602151       0.111116594277217       0.116304316789972     
   5.38611925708700       0.111133640896517       0.116490068018537     
   5.39589442815249       0.111213771660537       0.116579644109178     
   5.40566959921799       0.111390747140304       0.116647310008117     
   5.41544477028348       0.111569375600743       0.116754155022715     
   5.42521994134897       0.111712128697876       0.116868232555361     
   5.43499511241447       0.111829383418887       0.116993421547652     
   5.44477028347996       0.111967590272425       0.117152924008574     
   5.45454545454545       0.112144829515364       0.117332838489896     
   5.46432062561095       0.112294790535304       0.117542030433801     
   5.47409579667644       0.112397712278502       0.117807643767265     
   5.48387096774194       0.112476238140683       0.118092640855863     
   5.49364613880743       0.112566308149723       0.118289580606215     
   5.50342130987292       0.112725639132372       0.118376612694446     
   5.51319648093842       0.112982499622463       0.118518311118768     
   5.52297165200391       0.113345791022146       0.118743651420954     
   5.53274682306940       0.113751986011342       0.118859500407424     
   5.54252199413490       0.114101506120843       0.118839765994366     
   5.55229716520039       0.114362937756503       0.118793962227182     
   5.56207233626589       0.114497981637980       0.118743070645361     
   5.57184750733138       0.114499190895396       0.118714342726460     
   5.58162267839687       0.114472471096557       0.118747466201504     
   5.59139784946237       0.114501149040838       0.118790583775123     
   5.60117302052786       0.114598157422614       0.118806109734741     
   5.61094819159335       0.114767707340590       0.118812615578448     
   5.62072336265885       0.114993680956483       0.118738736495918     
   5.63049853372434       0.115251123948171       0.118455166596120     
   5.64027370478983       0.115454342347427       0.117983896364670     
   5.65004887585533       0.115516745075928       0.117547966769736     
   5.65982404692082       0.115461420490745       0.117271888853247     
   5.66959921798632       0.115363277392658       0.117105595927728     
   5.67937438905181       0.115286221363609       0.117086292162371     
   5.68914956011730       0.115210047476281       0.117213468451778     
   5.69892473118280       0.115095992559474       0.117353670810165     
   5.70869990224829       0.115042833286183       0.117476736250057     
   5.71847507331378       0.115139415787006       0.117634270465747     
   5.72825024437928       0.115335224265913       0.117821011679652     
   5.73802541544477       0.115581619212614       0.117982116222214     
   5.74780058651026       0.115892009119090       0.118062478077448     
   5.75757575757576       0.116211299262657       0.118057074468352     
   5.76735092864125       0.116423417291096       0.117981729725810     
   5.77712609970675       0.116573955435834       0.117780522406814     
   5.78690127077224       0.116777874801990       0.117366115730147     
   5.79667644183773       0.116961295985435       0.116891153578056     
   5.80645161290323       0.117028750736850       0.116656955647821     
   5.81622678396872       0.117031506670212       0.116678838587765     
   5.82600195503421       0.117048142431394       0.116735909246479     
   5.83577712609971       0.117104479800129       0.116725055429417     
   5.84555229716520       0.117178570774391       0.116706760554730     
   5.85532746823069       0.117210275987392       0.116742226205317     
   5.86510263929619       0.117161170474115       0.116836798447776     
   5.87487781036168       0.117092857692177       0.116957923098290     
   5.88465298142718       0.117100215978934       0.117079422424776     
   5.89442815249267       0.117207778857294       0.117186014851087     
   5.90420332355816       0.117371187872340       0.117280518175431     
   5.91397849462366       0.117528133203777       0.117380501171568     
   5.92375366568915       0.117659411241142       0.117486205648704     
   5.93352883675464       0.117811199046846       0.117627060010428     
   5.94330400782014       0.117966243883337       0.117842679425401     
   5.95307917888563       0.118072882882395       0.118077237918124     
   5.96285434995112       0.118179579489012       0.118261662649846     
   5.97262952101662       0.118338052907183       0.118436468118508     
   5.98240469208211       0.118537038509465       0.118609136976403     
   5.99217986314761       0.118749746781200       0.118667563577005     
   6.00195503421310       0.118951817712968       0.118568081049623     
   6.01173020527859       0.119038900073842       0.118422722515309     
   6.02150537634409       0.118931239257546       0.118335874975033     
   6.03128054740958       0.118716841670810       0.118298312814232     
   6.04105571847507       0.118541443224864       0.118296866109893     
   6.05083088954057       0.118507176064131       0.118366337451263     
   6.06060606060606       0.118584221522154       0.118490779066575     
   6.07038123167155       0.118678046483574       0.118627811633717     
   6.08015640273705       0.118801492983922       0.118767787756387     
   6.08993157380254       0.118987336493121       0.118876519862175     
   6.09970674486804       0.119211614860716       0.118900760356088     
   6.10948191593353       0.119454711909155       0.118852706066812     
   6.11925708699902       0.119677907799789       0.118778847718498     
   6.12903225806452       0.119875579746523       0.118691386341379     
   6.13880742913001       0.120089707222943       0.118606296734378     
   6.14858260019550       0.120313773866004       0.118555518557035     
   6.15835777126100       0.120561050480708       0.118544417839163     
   6.16813294232649       0.120860079817829       0.118562407129251     
   6.17790811339198       0.121120757593014       0.118599765781929     
   6.18768328445748       0.121294665400425       0.118662380396430     
   6.19745845552297       0.121477698144352       0.118762305285004     
   6.20723362658847       0.121691193725634       0.118855837817451     
   6.21700879765396       0.121871674442686       0.118905103404393     
   6.22678396871945       0.122003000673134       0.118969292252016     
   6.23655913978495       0.122094541513921       0.119088853822336     
   6.24633431085044       0.122173794775992       0.119179662441320     
   6.25610948191593       0.122292914208303       0.119219103560455     
   6.26588465298143       0.122459377482528       0.119304299315713     
   6.27565982404692       0.122633143568284       0.119464577462435     
   6.28543499511241       0.122757455448740       0.119663572965055     
   6.29521016617791       0.122797291380517       0.119918676800117     
   6.30498533724340       0.122835245255379       0.120242290920178     
   6.31476050830890       0.122987243389824       0.120491695784530     
   6.32453567937439       0.123231629088977       0.120542201413278     
   6.33431085043988       0.123474027516622       0.120519679655847     
   6.34408602150538       0.123668023669530       0.120575646108719     
   6.35386119257087       0.123816771886674       0.120675957917183     
   6.36363636363636       0.123895220531921       0.120729592303468     
   6.37341153470186       0.123844971077883       0.120653609545249     
   6.38318670576735       0.123711581940102       0.120401622892905     
   6.39296187683284       0.123679356161060       0.120100510514336     
   6.40273704789834       0.123859754746384       0.119965693734372     
   6.41251221896383       0.124111502626142       0.120039336910685     
   6.42228739002933       0.124227553558617       0.120157621359817     
   6.43206256109482       0.124227334658989       0.120135057048634     
   6.44183773216031       0.124285408233595       0.119983886598046     
   6.45161290322581       0.124486240129489       0.119928034670203     
   6.46138807429130       0.124749317811010       0.120115195776602     
   6.47116324535679       0.124897317471845       0.120383813198514     
   6.48093841642229       0.124900124046871       0.120493907786152     
   6.49071358748778       0.124851787013456       0.120461206011009     
   6.50048875855328       0.124761773033587       0.120426382556562     
   6.51026392961877       0.124755808476186       0.120427203152490     
   6.52003910068426       0.124965899675283       0.120436064031977     
   6.52981427174976       0.125269637745084       0.120465457049319     
   6.53958944281525       0.125487497208807       0.120565225338535     
   6.54936461388074       0.125560377036608       0.120756639152205     
   6.55913978494624       0.125559190277535       0.120989914122105     
   6.56891495601173       0.125612324815738       0.121194129329738     
   6.57869012707722       0.125807599810308       0.121319035370991     
   6.58846529814272       0.126139923328411       0.121336414809421     
   6.59824046920821       0.126523228653173       0.121283158372791     
   6.60801564027371       0.126864279717073       0.121214385500391     
   6.61779081133920       0.127137187104317       0.121157433779522     
   6.62756598240469       0.127366384423345       0.121180856064516     
   6.63734115347019       0.127575682112714       0.121313951898870     
   6.64711632453568       0.127775536096773       0.121465800828797     
   6.65689149560117       0.127892283818464       0.121554627371455     
   6.66666666666667       0.127774426543869       0.121581478807264     
   6.67644183773216       0.127509369930928       0.121622270437445     
   6.68621700879765       0.127435162857811       0.121728142341810     
   6.69599217986315       0.127618197962265       0.121882784359540     
   6.70576735092864       0.127840010155567       0.122034820178268     
   6.71554252199414       0.127988382255550       0.122091874477958     
   6.72531769305963       0.128039773596566       0.122048547489083     
   6.73509286412512       0.127989189219470       0.122043381911508     
   6.74486803519062       0.127946118083206       0.122169374180244     
   6.75464320625611       0.128002080638254       0.122381008273170     
   6.76441837732160       0.128067807852272       0.122592381763435     
   6.77419354838710       0.128035356283408       0.122769301831501     
   6.78396871945259       0.127903746486702       0.122955152534858     
   6.79374389051808       0.127755645212544       0.123167215610637     
   6.80351906158358       0.127696513685486       0.123357997736720     
   6.81329423264907       0.127729595603771       0.123528266561580     
   6.82306940371457       0.127787982280535       0.123657368106637     
   6.83284457478006       0.127852941083730       0.123630485569505     
   6.84261974584555       0.127926743171366       0.123483675011382     
   6.85239491691105       0.127992752406025       0.123431537054832     
   6.86217008797654       0.128077069332392       0.123554010450122     
   6.87194525904203       0.128250771254323       0.123753305449267     
   6.88172043010753       0.128495150138301       0.123880292364141     
   6.89149560117302       0.128718308485139       0.123861630064379     
   6.90127077223851       0.128906392464653       0.123821865795792     
   6.91104594330401       0.129142718897642       0.123890011166481     
   6.92082111436950       0.129455754170431       0.124059315138817     
   6.93059628543500       0.129778368029335       0.124323945248448     
   6.94037145650049       0.130112795431427       0.124703927634458     
   6.95014662756598       0.130460545782201       0.125129475803152     
   6.95992179863148       0.130706149135905       0.125451582285123     
   6.96969696969697       0.130808768328701       0.125668141284582     
   6.97947214076246       0.130850712574718       0.125877505267261     
   6.98924731182796       0.130904568238292       0.126105812773161     
   6.99902248289345       0.131029212929272       0.126365855674565     
   7.00879765395894       0.131251156635607       0.126629596914750     
   7.01857282502444       0.131511412476072       0.126855207897548     
   7.02834799608993       0.131755454292980       0.127052507037272     
   7.03812316715543       0.132005091788007       0.127258006163643     
   7.04789833822092       0.132289470407304       0.127498050755334     
   7.05767350928641       0.132601482528119       0.127754091188728     
   7.06744868035191       0.132838975072288       0.128089945077990     
   7.07722385141740       0.132925133562013       0.128614584387296     
   7.08699902248289       0.132993626143761       0.129244598671434     
   7.09677419354839       0.133183933923352       0.129763624998421     
   7.10654936461388       0.133459676910957       0.130031713610724     
   7.11632453567937       0.133655393453241       0.130087928807172     
   7.12609970674487       0.133649088628031       0.130073858344051     
   7.13587487781036       0.133582968555175       0.130054011007234     
   7.14565004887586       0.133695048990962       0.130010751637666     
   7.15542521994135       0.134038398038183       0.129961237941248     
   7.16520039100684       0.134491558271961       0.129949929708890     
   7.17497556207234       0.134893725460039       0.130019999730996     
   7.18475073313783       0.135176512615558       0.130249282144033     
   7.19452590420332       0.135392969216386       0.130659556534243     
   7.20430107526882       0.135571683794407       0.131150182689421     
   7.21407624633431       0.135707595745722       0.131590877509764     
   7.22385141739980       0.135845408862295       0.131944414252182     
   7.23362658846530       0.136070390612775       0.132217093166766     
   7.24340175953079       0.136451992966121       0.132386379298315     
   7.25317693059629       0.136919784024006       0.132517627449279     
   7.26295210166178       0.137340631169661       0.132706759479260     
   7.27272727272727       0.137690280547463       0.132950267646182     
   7.28250244379277       0.138019600450926       0.133203100264256     
   7.29227761485826       0.138345469905819       0.133401675704423     
   7.30205278592375       0.138709364006326       0.133604769249709     
   7.31182795698925       0.139130558867711       0.133960002803965     
   7.32160312805474       0.139483054108608       0.134385334238699     
   7.33137829912023       0.139679239083289       0.134692729903479     
   7.34115347018573       0.139777104225100       0.134876583718042     
   7.35092864125122       0.139881407577607       0.135052107368954     
   7.36070381231672       0.140125074372088       0.135262472750762     
   7.37047898338221       0.140517446539326       0.135451137330450     
   7.38025415444770       0.140880694742538       0.135591008822720     
   7.39002932551320       0.141112865736442       0.135729565274441     
   7.39980449657869       0.141285923073304       0.135895772540091     
   7.40957966764418       0.141505477152489       0.136082486817271     
   7.41935483870968       0.141802770854747       0.136277847811077     
   7.42913000977517       0.142146542054176       0.136474689785851     
   7.43890518084066       0.142504124066801       0.136679764415154     
   7.44868035190616       0.142846623262522       0.136891399191691     
   7.45845552297165       0.143125192565452       0.137118277161893     
   7.46823069403715       0.143373056087574       0.137400312045218     
   7.47800586510264       0.143684852775409       0.137752582283982     
   7.48778103616813       0.144060683165854       0.138129999173588     
   7.49755620723363       0.144446271418677       0.138506373291157     
   7.50733137829912       0.144738022076076       0.138919629198561     
   7.51710654936461       0.144887717465166       0.139443152603828     
   7.52688172043011       0.145025439318428       0.140038314039683     
   7.53665689149560       0.145224965024208       0.140538655536828     
   7.54643206256110       0.145407750442270       0.140945505267060     
   7.55620723362659       0.145523610823056       0.141447980057025     
   7.56598240469208       0.145664091009214       0.142182414040168     
   7.57575757575758       0.145979163397574       0.143216577446499     
   7.58553274682307       0.146477106540418       0.144297822920593     
   7.59530791788856       0.147010060421758       0.144998998663267     
   7.60508308895406       0.147414402289445       0.145346757983573     
   7.61485826001955       0.147675424734340       0.145615946788404     
   7.62463343108504       0.147912041625341       0.145920996584713     
   7.63440860215054       0.148174106790733       0.146275995559665     
   7.64418377321603       0.148499179976002       0.146672516500325     
   7.65395894428153       0.148976555095741       0.147029577322231     
   7.66373411534702       0.149515765195042       0.147325537005308     
   7.67350928641251       0.149895626149930       0.147663096888931     
   7.68328445747801       0.150079881468183       0.148093408836427     
   7.69305962854350       0.150207175191100       0.148560275318639     
   7.70283479960899       0.150421304697376       0.148988726110259     
   7.71260997067449       0.150827893187022       0.149367016173616     
   7.72238514173998       0.151412319918171       0.149735324527005     
   7.73216031280547       0.152014209575894       0.150147058217762     
   7.74193548387097       0.152539980236700       0.150646297620799     
   7.75171065493646       0.153088332976892       0.151213837212180     
   7.76148582600196       0.153728664785292       0.151777735738333     
   7.77126099706745       0.154345350285731       0.152291179377827     
   7.78103616813294       0.154874866109037       0.152699648361650     
   7.79081133919844       0.155415437739584       0.152951691477671     
   7.80058651026393       0.155961904308926       0.153088259955023     
   7.81036168132942       0.156413885777530       0.153179768711430     
   7.82013685239492       0.156818410423384       0.153287809423705     
   7.82991202346041       0.157316789634177       0.153542845738866     
   7.83968719452590       0.157958501215834       0.153960946136474     
   7.84946236559140       0.158619477482757       0.154358944558061     
   7.85923753665689       0.159180247604572       0.154683550628844     
   7.86901270772239       0.159669717369628       0.155007024729488     
   7.87878787878788       0.160103610247874       0.155303010324465     
   7.88856304985337       0.160455083330781       0.155534423702171     
   7.89833822091887       0.160777922141400       0.155773925792208     
   7.90811339198436       0.161149105401294       0.156109408761441     
   7.91788856304985       0.161535783327207       0.156482468641456     
   7.92766373411535       0.161906900917046       0.156803717390647     
   7.93743890518084       0.162360779722735       0.157105080092562     
   7.94721407624633       0.162963742957361       0.157412258780060     
   7.95698924731183       0.163661962180617       0.157736342342426     
   7.96676441837732       0.164349224781554       0.158130414138332     
   7.97653958944282       0.164916955202365       0.158610334891305     
   7.98631476050831       0.165400378566307       0.159157053808777     
   7.99608993157380       0.165891204078056       0.159706687062602     
   8.00586510263930       0.166396551826871       0.160152713019341     
   8.01564027370479       0.166886917567327       0.160509939129630     
   8.02541544477028       0.167304864334642       0.160837152299407     
   8.03519061583578       0.167669590345667       0.161061480026015     
   8.04496578690127       0.168061626331474       0.161026727504027     
   8.05474095796676       0.168522252613609       0.160784339427865     
   8.06451612903226       0.169047741509654       0.160661700670047     
   8.07429130009775       0.169579726586669       0.160810465627798     
   8.08406647116325       0.170063722490193       0.161194703706368     
   8.09384164222874       0.170533382649812       0.161731815748933     
   8.10361681329423       0.171040622985029       0.162309302640562     
   8.11339198435973       0.171572702286418       0.162902155217837     
   8.12316715542522       0.172046219709421       0.163506801756836     
   8.13294232649071       0.172372666274599       0.164148800270746     
   8.14271749755621       0.172572096203117       0.164842537563133     
   8.15249266862170       0.172794925082075       0.165515221423268     
   8.16226783968719       0.173194263845525       0.166141398272399     
   8.17204301075269       0.173740167306446       0.166725107546688     
   8.18181818181818       0.174359935526219       0.167209246613013     
   8.19159335288368       0.175104492205021       0.167649841735087     
   8.20136852394917       0.175961740850497       0.168207551117151     
   8.21114369501466       0.176763724344759       0.168898987243283     
   8.22091886608016       0.177374376362603       0.169610636778400     
   8.23069403714565       0.177855685165229       0.170299287982681     
   8.24046920821114       0.178312907168767       0.170976630240235     
   8.25024437927664       0.178786815323573       0.171624938218339     
   8.26001955034213       0.179314866381657       0.172206771264959     
   8.26979472140762       0.179957007504175       0.172713199330865     
   8.27956989247312       0.180761999186210       0.173211534123100     
   8.28934506353861       0.181608747991318       0.173761490945778     
   8.29912023460411       0.182313592745064       0.174374943477904     
   8.30889540566960       0.182919681799438       0.175033588939442     
   8.31867057673509       0.183595248753307       0.175680752016667     
   8.32844574780059       0.184382949941828       0.176312856755607     
   8.33822091886608       0.185210554580847       0.176997526530289     
   8.34799608993157       0.185972533630429       0.177670482712202     
   8.35777126099707       0.186583052347759       0.178201552798192     
   8.36754643206256       0.187037300481463       0.178670278399647     
   8.37732160312805       0.187444730896451       0.179218780680899     
   8.38709677419355       0.187924499838976       0.179858914645521     
   8.39687194525904       0.188474529285156       0.180535336101398     
   8.40664711632454       0.189055709033483       0.181174862523331     
   8.41642228739003       0.189667622912189       0.181809563014942     
   8.42619745845552       0.190270890826025       0.182581075817321     
   8.43597262952102       0.190849641736186       0.183479715493376     
   8.44574780058651       0.191463462440126       0.184363924385572     
   8.45552297165200       0.192175950651627       0.185299809975920     
   8.46529814271750       0.193007396991881       0.186464139974935     
   8.47507331378299       0.193856346486159       0.187661224988093     
   8.48484848484848       0.194600134571830       0.188567469274608     
   8.49462365591398       0.195230131763426       0.189219411540223     
   8.50439882697947       0.195820692524148       0.189801240669570     
   8.51417399804497       0.196485116339135       0.190370777176872     
   8.52394916911046       0.197283980770134       0.190880816142129     
   8.53372434017595       0.198161181568332       0.191337021670358     
   8.54349951124145       0.199020669634846       0.191844881871844     
   8.55327468230694       0.199834488409859       0.192495812073825     
   8.56304985337243       0.200586327353167       0.193313134578196     
   8.57282502443793       0.201226708344479       0.194216634114876     
   8.58260019550342       0.201803642186560       0.195113489889838     
   8.59237536656891       0.202448618259962       0.196007890851911     
   8.60215053763441       0.203222549434099       0.196883060099653     
   8.61192570869990       0.204078364807060       0.197668436249350     
   8.62170087976540       0.204916707933788       0.198406675477409     
   8.63147605083089       0.205698958851851       0.199187966772107     
   8.64125122189638       0.206495567473856       0.199964740153576     
   8.65102639296188       0.207316044564516       0.200732046620334     
   8.66080156402737       0.208095637959109       0.201582840382479     
   8.67057673509286       0.208864477289288       0.202484870206466     
   8.68035190615836       0.209677497119742       0.203352512561621     
   8.69012707722385       0.210509507446620       0.204219464053907     
   8.69990224828934       0.211313165673566       0.205168389802258     
   8.70967741935484       0.212100562543052       0.206209435878716     
   8.71945259042033       0.212911581480740       0.207311758250298     
   8.72922776148583       0.213779811297312       0.208423286154861     
   8.73900293255132       0.214819847403759       0.209551187689076     
   8.74877810361681       0.216100677137789       0.210822630643265     
   8.75855327468231       0.217550866230460       0.212159877818424     
   8.76832844574780       0.219162557912281       0.213346282709570     
   8.77810361681329       0.220952146374435       0.214389906182761     
   8.78787878787879       0.222692062151296       0.215292435338968     
   8.79765395894428       0.224122498816749       0.215923826984986     
   8.80742913000977       0.225298940564492       0.216456387084386     
   8.81720430107527       0.226372280379944       0.217299180575757     
   8.82697947214076       0.227383790798469       0.218519906296611     
   8.83675464320626       0.228409812566455       0.219867427259746     
   8.84652981427175       0.229575541855172       0.221142334308789     
   8.85630498533724       0.230848668928308       0.222308101337868     
   8.86608015640274       0.232092878027653       0.223476697388723     
   8.87585532746823       0.233266222705305       0.224741851357281     
   8.88563049853372       0.234416615429328       0.226022388127829     
   8.89540566959922       0.235614622690092       0.227210573998489     
   8.90518084066471       0.236850233549687       0.228316067520902     
   8.91495601173020       0.237988680769253       0.229381702060235     
   8.92473118279570       0.238935409134518       0.230421129890754     
   8.93450635386119       0.239726385151183       0.231470667596140     
   8.94428152492669       0.240531028741073       0.232555565786016     
   8.95405669599218       0.241649944518515       0.233608255492381     
   8.96383186705767       0.243176625522436       0.234578946092200     
   8.97360703812317       0.244888543530741       0.235540521800254     
   8.98338220918866       0.246599368924905       0.236522740906180     
   8.99315738025415       0.248191718134507       0.237501475077802     
   9.00293255131965       0.249537515728238       0.238569804706056     
   9.01270772238514       0.250666932604047       0.239807371376168     
   9.02248289345064       0.251760108681332       0.241111035455984     
   9.03225806451613       0.252927928808410       0.242420580776850     
   9.04203323558162       0.254218642238123       0.243805783430789     
   9.05180840664712       0.255728929478202       0.245157968853895     
   9.06158357771261       0.257496603147580       0.246261031504812     
   9.07135874877810       0.259354960357991       0.247150908028395     
   9.08113391984360       0.261056334985463       0.247994458948031     
   9.09090909090909       0.262552804138142       0.248869993799109     
   9.10068426197459       0.264008880812523       0.249879785616827     
   9.11045943304008       0.265553648446373       0.251115252213259     
   9.12023460410557       0.267157771296230       0.252550238275276     
   9.13000977517107       0.268786914631840       0.254078972651916     
   9.13978494623656       0.270403022648970       0.255509109671241     
   9.14956011730205       0.271910726025410       0.256830789450230     
   9.15933528836755       0.273369159963922       0.258265289437501     
   9.16911045943304       0.274896328827040       0.259805771870260     
   9.17888563049853       0.276500398181660       0.261220119246138     
   9.18866080156403       0.278296321251379       0.262495373599181     
   9.19843597262952       0.280316724723150       0.263864349534363     
   9.20821114369502       0.282252270040235       0.265396909705699     
   9.21798631476051       0.283985538911997       0.266991819461101     
   9.22776148582600       0.285702123590191       0.268679193915627     
   9.23753665689150       0.287478733436815       0.270485368115419     
   9.24731182795699       0.289332022707254       0.272252087839883     
   9.25708699902248       0.291227086345435       0.273918065632330     
   9.26686217008798       0.293054590121834       0.275593572276752     
   9.27663734115347       0.294829890580794       0.277253411686841     
   9.28641251221896       0.296604085907475       0.278836088222315     
   9.29618768328446       0.298369208122608       0.280504014991334     
   9.30596285434995       0.300192375843159       0.282334002598711     
   9.31573802541545       0.302205703286563       0.284127516445111     
   9.32551319648094       0.304443834521402       0.285826521737753     
   9.33528836754643       0.306740742699471       0.287528585293386     
   9.34506353861193       0.308958013534730       0.289235698509010     
   9.35483870967742       0.311080905123126       0.291080474058577     
   9.36461388074291       0.313105412651594       0.293191643037004     
   9.37438905180841       0.315089956679827       0.295395753253304     
   9.38416422287390       0.317131894462556       0.297468546735729     
   9.39393939393939       0.319304100022071       0.299363623500635     
   9.40371456500489       0.321623975605198       0.301155260633548     
   9.41348973607038       0.324035438957840       0.302941018736363     
   9.42326490713588       0.326490250356941       0.304881859022261     
   9.43304007820137       0.329025020061762       0.307102404259549     
   9.44281524926686       0.331641247935668       0.309424064743707     
   9.45259042033236       0.334187352464092       0.311594973460040     
   9.46236559139785       0.336616301783498       0.313633924070418     
   9.47214076246334       0.339051974753974       0.315693587142456     
   9.48191593352884       0.341484775102713       0.317864486198746     
   9.49169110459433       0.343791624267891       0.320105417740183     
   9.50146627565982       0.346027313515979       0.322363652740807     
   9.51124144672532       0.348425000076494       0.324679503482205     
   9.52101661779081       0.351015734340960       0.327094522718437     
   9.53079178885631       0.353543378812052       0.329585017235496     
   9.54056695992180       0.355887374883196       0.332081994231512     
   9.55034213098729       0.358197936133313       0.334474323952687     
   9.56011730205279       0.360556332065489       0.336651994795476     
   9.56989247311828       0.362934568258097       0.338749769294203     
   9.57966764418377       0.365485067537163       0.341043246119954     
   9.58944281524927       0.368327012174942       0.343608783029027     
   9.59921798631476       0.371259240458320       0.346387377709023     
   9.60899315738025       0.374047346513763       0.349233481850938     
   9.61876832844575       0.376682422333467       0.351959462711112     
   9.62854349951124       0.379286505204737       0.354573134952532     
   9.63831867057674       0.381895809743896       0.357286940802459     
   9.64809384164223       0.384449605548183       0.360195613640584     
   9.65786901270772       0.387006577876913       0.363177852600286     
   9.66764418377322       0.389740066328611       0.366254610344453     
   9.67741935483871       0.392639048302344       0.369519289127472     
   9.68719452590420       0.395506082247252       0.372806859085039     
   9.69696969696970       0.398341821687872       0.375938145702255     
   9.70674486803519       0.401362426445402       0.378873759784168     
   9.71652003910068       0.404537321739463       0.381651454668357     
   9.72629521016618       0.407551311794305       0.384411053772466     
   9.73607038123167       0.410325653826404       0.387291286957444     
   9.74584555229717       0.413149800509466       0.390273210673556     
   9.75562072336266       0.416216135559255       0.393246121385946     
   9.76539589442815       0.419431623817907       0.396203887754335     
   9.77517106549365       0.422660386944004       0.399210801947474     
   9.78494623655914       0.425902584350535       0.402291709804489     
   9.79472140762463       0.429270860999279       0.405437341059050     
   9.80449657869013       0.432875192412688       0.408596634347134     
   9.81427174975562       0.436755545091759       0.411703429932951     
   9.82404692082111       0.440840338472569       0.414837433125451     
   9.83382209188661       0.445002007472952       0.418111629855665     
   9.84359726295210       0.449087938294982       0.421483248832212     
   9.85337243401760       0.452980438117072       0.424864724931830     
   9.86314760508309       0.456694001704163       0.428236338721101     
   9.87292277614858       0.460241910994931       0.431663327303001     
   9.88269794721408       0.463701540426633       0.435268924129507     
   9.89247311827957       0.467326571235491       0.439139835755002     
   9.90224828934506       0.471185380697160       0.443240966105767     
   9.91202346041056       0.475141937372671       0.447435386458246     
   9.92179863147605       0.479170158589550       0.451576152243878     
   9.93157380254154       0.483285491269073       0.455618429077972     
   9.94134897360704       0.487548073493937       0.459527073493091     
   9.95112414467253       0.492135455935001       0.463255691204937     
   9.96089931573803       0.496994050443463       0.466894796774613     
   9.97067448680352       0.501839540025425       0.470610839256675     
   9.98044965786901       0.506622158339361       0.474520621938482     
   9.99022482893451       0.511411536505357       0.478672556252915     
   10.0000000000000       0.515298479853226       0.482311774850451     
