  0.000000000000000E+000 -0.285737653580607      -0.375780430530928     
  9.775171065493646E-003 -0.314555189777944      -0.333175986726380     
  1.955034213098729E-002 -0.316560454775223      -0.305243583421516     
  2.932551319648094E-002 -0.282122831563737      -0.312531926678682     
  3.910068426197458E-002 -0.242977471569060      -0.330550278888644     
  4.887585532746823E-002 -0.228183712851775      -0.322707171329893     
  5.865102639296188E-002 -0.226264141692810      -0.311232610408104     
  6.842619745845552E-002 -0.224176651873594      -0.317779746824728     
  7.820136852394917E-002 -0.235500206186686      -0.313474849779659     
  8.797653958944282E-002 -0.246722410048475      -0.285176564036613     
  9.775171065493646E-002 -0.261879955146706      -0.268561760590146     
  0.107526881720430      -0.263125100809097      -0.268892964895594     
  0.117302052785924      -0.231327891768797      -0.274857566492481     
  0.127077223851417      -0.212961479378106      -0.272976763657337     
  0.136852394916911      -0.208961362325157      -0.255069107470525     
  0.146627565982405      -0.212507401360534      -0.235764991489020     
  0.156402737047898      -0.235697911474561      -0.216837936025469     
  0.166177908113392      -0.246965650830145      -0.212280737900676     
  0.175953079178886      -0.241802704663821      -0.231023131278500     
  0.185728250244379      -0.231628005993871      -0.264817222598330     
  0.195503421309873      -0.217839406148497      -0.282418844665160     
  0.205278592375367      -0.203837872093597      -0.265413178463670     
  0.215053763440860      -0.212488714480057      -0.240211612488278     
  0.224828934506354      -0.223313097298493      -0.226016870513536     
  0.234604105571848      -0.214997247895571      -0.226620809673258     
  0.244379276637341      -0.211541751673314      -0.229254112767110     
  0.254154447702835      -0.221360541401583      -0.221775368379578     
  0.263929618768328      -0.221378203418979      -0.211771333625299     
  0.273704789833822      -0.210274487630510      -0.216064823288298     
  0.283479960899316      -0.203701730122969      -0.225148992172357     
  0.293255131964809      -0.203985157229983      -0.219380471298824     
  0.303030303030303      -0.191836775232691      -0.213667856061090     
  0.312805474095797      -0.171512623567163      -0.221418848543062     
  0.322580645161290      -0.154344694099424      -0.240833280245429     
  0.332355816226784      -0.127825618381390      -0.251197418166944     
  0.342130987292278      -0.110355159826715      -0.243998903474208     
  0.351906158357771      -0.113876081288586      -0.217330027088666     
  0.361681329423265      -0.113575211106042      -0.173066644233893     
  0.371456500488759      -0.106110676651155      -0.147114403209500     
  0.381231671554252      -0.113065797967066      -0.164250647128976     
  0.391006842619746      -0.149286265855356      -0.181579147352944     
  0.400782013685239      -0.176819628458724      -0.180641442671319     
  0.410557184750733      -0.166203915595692      -0.174885010930276     
  0.420332355816227      -0.151877399401413      -0.168493916854083     
  0.430107526881720      -0.141219193202382      -0.163465835588283     
  0.439882697947214      -0.137246337433074      -0.164507734012377     
  0.449657869012708      -0.139247209775730      -0.186806577001199     
  0.459433040078201      -0.120824092946990      -0.211536410252789     
  0.469208211143695      -0.101230160270419      -0.195238694481003     
  0.478983382209189      -8.553271754680755E-002 -0.163617431458643     
  0.488758553274682      -8.588028566173342E-002 -0.163010652100696     
  0.498533724340176      -0.111233021407604      -0.162749508338957     
  0.508308895405670      -0.131461665772637      -0.136252250693355     
  0.518084066471163      -0.150393384850194      -0.113170793225200     
  0.527859237536657      -0.163207770314092      -0.108933476321678     
  0.537634408602151      -0.159914993900370      -0.111869049261613     
  0.547409579667644      -0.168763709481583      -0.106162833523636     
  0.557184750733138      -0.174907058530909      -8.888867254831394E-002
  0.566959921798632      -0.160792755360954      -7.592151773938352E-002
  0.576735092864125      -0.149286815343870      -6.578302467077174E-002
  0.586510263929619      -0.144726304235419      -7.307596171933278E-002
  0.596285434995112      -0.143426194603243      -0.104995232186457     
  0.606060606060606      -0.131109068064273      -0.155856356265268     
  0.615835777126100      -0.104506188299387      -0.184507398862893     
  0.625610948191593      -9.274687212721452E-002 -0.163114804335553     
  0.635386119257087      -0.101252468463851      -0.134326900305759     
  0.645161290322581      -0.107051727560804      -0.122097116268743     
  0.654936461388074      -0.116166440303926      -0.110735489927670     
  0.664711632453568      -0.103069399821596      -0.108249931437180     
  0.674486803519062      -7.013714860027295E-002 -0.120027299163397     
  0.684261974584555      -6.823414859258063E-002 -0.127125177822616     
  0.694037145650049      -7.800734403858464E-002 -0.116498538821225     
  0.703812316715543      -7.421587166620856E-002 -0.103829734440075     
  0.713587487781036      -6.163714152520483E-002 -0.116375562448041     
  0.723362658846530      -6.385564654542139E-002 -0.125098165944648     
  0.733137829912023      -8.340486486878226E-002 -0.121285173010656     
  0.742913000977517      -0.105493856119418      -0.116857783742455     
  0.752688172043011      -0.112181864075562      -0.116093898003930     
  0.762463343108504      -7.390168165924464E-002 -0.115083064770325     
  0.772238514173998      -1.709946374765516E-002 -0.113889858486707     
  0.782013685239492      -2.247303782013975E-002 -0.128885024287431     
  0.791788856304985      -6.223225480290885E-002 -0.131697873106626     
  0.801564027370479      -7.521435238807965E-002 -0.114557935937158     
  0.811339198435973      -7.441570814449575E-002 -9.662835041321211E-002
  0.821114369501466      -7.299634980193130E-002 -9.483779800187760E-002
  0.830889540566960      -5.372310810310245E-002 -0.116125687999296     
  0.840664711632454      -3.133866010958308E-002 -0.121790025817746     
  0.850439882697947      -3.376959225600155E-002 -0.114705941457177     
  0.860215053763441      -4.754219126642103E-002 -0.103689122855171     
  0.869990224828935      -4.153970452659812E-002 -8.930191185006318E-002
  0.879765395894428      -4.717666982166147E-002 -8.248296447726358E-002
  0.889540566959922      -7.042987139645640E-002 -7.907701660849607E-002
  0.899315738025415      -8.146570304021013E-002 -7.352070686444301E-002
  0.909090909090909      -8.450306990642069E-002 -7.411873252479535E-002
  0.918866080156403      -7.916767746986403E-002 -8.085757740171487E-002
  0.928641251221896      -7.277989463398979E-002 -6.897740061089613E-002
  0.938416422287390      -7.058747924418247E-002 -5.990815991790525E-002
  0.948191593352884      -6.827921846725565E-002 -5.893502396952439E-002
  0.957966764418377      -7.255176910588625E-002 -5.960605250501202E-002
  0.967741935483871      -9.232674818645986E-002 -7.001387910121597E-002
  0.977517106549365      -9.333925861635189E-002 -8.676233690660508E-002
  0.987292277614858      -7.046980122021189E-002 -8.991776437946711E-002
  0.997067448680352      -7.831808522483141E-002 -7.536435449555265E-002
   1.00684261974585      -8.280962869126379E-002 -6.009031274609128E-002
   1.01661779081134      -5.317630711414850E-002 -4.594937545276734E-002
   1.02639296187683      -3.656450695508862E-002 -4.782119321262697E-002
   1.03616813294233      -4.260696753619651E-002 -6.955761186186067E-002
   1.04594330400782      -5.098022159006547E-002 -7.366874003050890E-002
   1.05571847507331      -5.821398227046609E-002 -5.494577522812544E-002
   1.06549364613881      -6.428820737295905E-002 -3.645914252358899E-002
   1.07526881720430      -6.829437901862503E-002 -2.605877259383869E-002
   1.08504398826979      -6.290184277548611E-002 -2.804405458015594E-002
   1.09481915933529      -4.159890948040538E-002 -5.271990456421410E-002
   1.10459433040078      -2.927353599244650E-002 -7.988251513732311E-002
   1.11436950146628      -3.497998548326584E-002 -8.048810362377014E-002
   1.12414467253177      -4.860753591044630E-002 -6.713287083779181E-002
   1.13391984359726      -6.590606349456966E-002 -6.663386530551958E-002
   1.14369501466276      -6.770403007758888E-002 -6.585677187332295E-002
   1.15347018572825      -5.423464702090401E-002 -6.307367220859778E-002
   1.16324535679374      -4.376737555752831E-002 -6.384197398782218E-002
   1.17302052785924      -4.620457849557673E-002 -5.750240988144405E-002
   1.18279569892473      -5.941607839879251E-002 -5.504992051063057E-002
   1.19257086999022      -6.874800010372015E-002 -4.714003203331003E-002
   1.20234604105572      -7.357267326826855E-002 -4.466887516984989E-002
   1.21212121212121      -6.752711847884062E-002 -5.426454316648116E-002
   1.22189638318671      -6.153488304325422E-002 -5.461902222244536E-002
   1.23167155425220      -5.411747143421895E-002 -4.559491932907862E-002
   1.24144672531769      -4.143443236317224E-002 -4.642675964137635E-002
   1.25122189638319      -4.026764071740234E-002 -6.801161825886180E-002
   1.26099706744868      -4.192130019353715E-002 -8.105479525432947E-002
   1.27077223851417      -2.925582955000304E-002 -6.529915353805217E-002
   1.28054740957967      -3.107675885365157E-002 -3.617645956904572E-002
   1.29032258064516      -4.372528538580426E-002 -2.481935217085901E-002
   1.30009775171065      -3.753663276687798E-002 -3.695825965097090E-002
   1.30987292277615      -1.161166695440143E-002 -5.371312503605046E-002
   1.31964809384164       6.820238336922005E-003 -7.249873972704148E-002
   1.32942326490714       1.524111463282483E-002 -7.624628881950854E-002
   1.33919843597263       1.343336202364200E-002 -5.874960262852023E-002
   1.34897360703812       4.131568728067323E-003 -5.691699574354490E-002
   1.35874877810362      -2.715001380341818E-003 -6.726429082067287E-002
   1.36852394916911      -3.599309618176913E-003 -6.491191064722102E-002
   1.37829912023460      -2.466632260851372E-002 -5.750365124349521E-002
   1.38807429130010      -5.168876446558401E-002 -4.948097441456165E-002
   1.39784946236559      -6.061929543285859E-002 -4.758101047973705E-002
   1.40762463343109      -4.626051981450972E-002 -5.140775711141989E-002
   1.41739980449658      -1.796605626778314E-002 -4.698052807088481E-002
   1.42717497556207       5.279857079824659E-003 -2.636371972565368E-002
   1.43695014662757      -1.685280792418112E-003 -4.827771587011248E-003
   1.44672531769306      -2.640862017779291E-002 -3.579498946368054E-003
   1.45650048875855      -1.835271856668829E-002 -1.131538629950841E-002
   1.46627565982405       8.653104856380260E-003 -1.827711695440766E-002
   1.47605083088954       1.372537726243734E-002 -3.980224818748489E-002
   1.48582600195503       2.746564800420760E-003 -5.591525864738752E-002
   1.49560117302053      -8.928873271684389E-003 -5.427709543983313E-002
   1.50537634408602      -1.057963400194647E-002 -5.206241437047383E-002
   1.51515151515152      -1.941331449332464E-002 -4.087013107878932E-002
   1.52492668621701      -2.822329520248771E-002 -2.068275317891081E-002
   1.53470185728250      -3.089990817033117E-002 -6.971468383923620E-003
   1.54447702834800      -4.176308103357577E-002 -1.637458469145715E-002
   1.55425219941349      -5.456947858570851E-002 -3.976731959077805E-002
   1.56402737047898      -3.801061569742110E-002 -2.473603904573530E-002
   1.57380254154448      -1.403351601678521E-002 -2.418899336420318E-003
   1.58357771260997      -8.326543637902332E-003 -2.008514550589412E-002
   1.59335288367546      -8.425601036311047E-003 -3.387335544583335E-002
   1.60312805474096      -8.159710109528050E-003 -2.253937960686251E-002
   1.61290322580645       2.391538632528880E-003 -2.448800921307423E-002
   1.62267839687195      -6.836165561324763E-003 -3.667829809664233E-002
   1.63245356793744      -3.968526735215152E-002 -3.747739409683423E-002
   1.64222873900293      -4.017541354076321E-002 -4.316592272778488E-002
   1.65200391006843      -1.159348757998252E-002 -3.949790670475552E-002
   1.66177908113392       1.067239325076145E-002 -1.981919927928189E-002
   1.67155425219941       1.186742129956678E-002 -1.218081494082209E-002
   1.68132942326491       2.500155280160912E-003 -1.525399877607022E-002
   1.69110459433040       9.900296841096003E-004 -1.532159047916692E-002
   1.70087976539589       8.091251930197172E-003 -3.069897320577109E-002
   1.71065493646139       3.873444820063251E-003 -5.889423644289921E-002
   1.72043010752688      -5.805096501479077E-003 -6.389178197334146E-002
   1.73020527859238      -3.696124480832559E-003 -5.800346479746225E-002
   1.73998044965787      -4.999127927482709E-003 -4.530798313656167E-002
   1.74975562072336      -1.919463298195486E-002 -2.839960230674108E-002
   1.75953079178886      -3.644677942496858E-002 -1.836198910002174E-002
   1.76930596285435      -3.788427628237476E-002 -1.054189618834552E-002
   1.77908113391984      -3.403662491513960E-002 -2.289251839494683E-004
   1.78885630498534      -4.102160740144396E-002  7.386308792839817E-003
   1.79863147605083      -4.865233022106558E-002  1.932482806150089E-002
   1.80840664711632      -4.787270830844576E-002  2.588840547879399E-002
   1.81818181818182      -4.666769821408149E-002  2.552875425609111E-002
   1.82795698924731      -4.479751805711497E-002  1.973828815791437E-002
   1.83773216031281      -3.188118861875054E-002  9.796178949985170E-003
   1.84750733137830      -2.207720125747113E-002  1.775361380360496E-003
   1.85728250244379      -2.164380101987677E-002 -9.288808586758726E-003
   1.86705767350929      -1.010976981125942E-002 -1.098950501506754E-002
   1.87683284457478       9.616211066905833E-003 -1.323260443203320E-002
   1.88660801564027       5.467004765836631E-003 -2.203557684684785E-002
   1.89638318670577      -9.945746305458140E-003 -2.494946754993159E-002
   1.90615835777126      -2.655895534281680E-002 -2.243315412057022E-002
   1.91593352883675      -2.842106511454429E-002 -2.032189633324420E-002
   1.92570869990225      -8.101709976518826E-003 -2.093016639377400E-002
   1.93548387096774       5.047772337941596E-003 -2.889354447445354E-002
   1.94525904203324       8.006908708356441E-003 -5.965867748880234E-002
   1.95503421309873       7.145837073825912E-004 -6.775953446270407E-002
   1.96480938416422      -9.209166022967731E-003 -2.410277198414634E-002
   1.97458455522972      -7.348737823503241E-003  1.306163767080894E-002
   1.98435972629521      -1.185398158302502E-003  1.614334440094459E-002
   1.99413489736070      -1.166023164392644E-002 -9.842052389037757E-003
   2.00391006842620      -3.087706437570461E-002 -2.886316352429649E-002
   2.01368523949169      -1.985248788224548E-002 -8.648716724494252E-003
   2.02346041055718      -6.321065788403038E-003  2.447899737455816E-002
   2.03323558162268      -1.526526559356783E-002  2.056415425238821E-002
   2.04301075268817      -1.668878813860248E-002 -9.364443240250197E-003
   2.05278592375367       1.478119848995652E-003 -2.768525108524717E-002
   2.06256109481916       1.411857471244845E-002 -3.166862465847863E-002
   2.07233626588465       7.054271721261995E-003 -2.311079185922006E-002
   2.08211143695015       1.265999362133459E-002 -9.110042078114873E-003
   2.09188660801564       2.491980458183703E-002  1.117791169155875E-003
   2.10166177908113       2.403449700148878E-002  7.038142994310942E-003
   2.11143695014663       2.245925106402460E-002  4.308982039955833E-003
   2.12121212121212       1.457382153450217E-002  7.848058964870667E-005
   2.13098729227761       7.653093046512130E-004 -8.009447809593446E-003
   2.14076246334311      -5.203254219993888E-003 -1.860111115086739E-002
   2.15053763440860      -8.116757729510270E-003 -2.473782146685911E-002
   2.16031280547410      -1.639922891500312E-002 -1.008360106358663E-002
   2.17008797653959      -1.872996064199833E-002  1.507840602718397E-004
   2.17986314760508      -7.466150370354952E-003 -1.412935776038513E-002
   2.18963831867058      -1.702648919248800E-004 -2.011811952892293E-002
   2.19941348973607       1.305544000586206E-002 -1.178432572175434E-002
   2.20918866080156       4.785811290465610E-002 -2.679981146541286E-002
   2.21896383186706       6.431867802807094E-002 -5.882911013955223E-002
   2.22873900293255       5.224873649737197E-002 -5.970959558960739E-002
   2.23851417399804       3.008565965065984E-002 -2.886488617201928E-002
   2.24828934506354       7.660660352893448E-003 -8.210948628729177E-003
   2.25806451612903      -2.248862907688324E-003  4.621630230065763E-003
   2.26783968719453       1.398414249588239E-002  7.073366680621885E-003
   2.27761485826002       4.345817022284364E-002  9.476322015499410E-005
   2.28739002932551       4.556929898330910E-002 -2.122230443919816E-005
   2.29716520039101       9.810967132811089E-003  8.719485368226790E-003
   2.30694037145650      -1.304305480605030E-002  1.894350371289982E-002
   2.31671554252199      -1.804599908889763E-002  2.006490255721520E-002
   2.32649071358749      -2.145798137628116E-002  1.084116781992945E-002
   2.33626588465298      -1.586389686612797E-002  7.720994794774111E-003
   2.34604105571848      -8.203004717698753E-003  6.356050120368274E-003
   2.35581622678397      -1.160929412268124E-002 -1.108420911456290E-002
   2.36559139784946      -1.871252443590583E-002 -2.318729782607126E-002
   2.37536656891496      -1.263658531603973E-002 -2.730144935013416E-002
   2.38514173998045       1.915686753948282E-003 -2.708106233680457E-002
   2.39491691104594       9.579871956882074E-003 -1.132812526606469E-002
   2.40469208211144       1.539451450963111E-002  2.763944022366671E-003
   2.41446725317693       1.488459874189390E-002  5.655646074074056E-003
   2.42424242424242       4.339916097666021E-003  9.156308671216522E-003
   2.43401759530792      -3.256179020069023E-003  2.385792064539110E-002
   2.44379276637341       8.561472147794489E-003  1.894583198906490E-002
   2.45356793743891       9.976579890010870E-003 -5.182094920284533E-003
   2.46334310850440      -6.221048623575559E-003 -7.848035514390578E-003
   2.47311827956989      -9.770329718861439E-003 -1.516079110286643E-003
   2.48289345063539      -5.278838125160483E-003 -6.812530565658364E-003
   2.49266862170088      -5.377321931293210E-003 -1.207594089338028E-002
   2.50244379276637      -1.343820612471823E-003 -1.536796763361603E-002
   2.51221896383187       6.326325637309452E-003 -1.487909123339985E-002
   2.52199413489736       3.608660523011782E-003 -9.202404586581552E-003
   2.53176930596285      -1.058757177579880E-002 -4.053997566820948E-003
   2.54154447702835      -1.464710537457286E-002 -1.779273422303515E-003
   2.55131964809384      -1.080911242317675E-002 -4.544321555377942E-003
   2.56109481915934      -7.315189127077016E-003 -4.717595781555014E-003
   2.57086999022483      -4.370696249728538E-003  1.067586417564974E-003
   2.58064516129032      -9.835425107239294E-003  9.415750874434051E-004
   2.59042033235582      -2.473294837851810E-002 -1.846751648256059E-003
   2.60019550342131      -4.425410111450478E-002  7.516122123946116E-003
   2.60997067448680      -4.413490502156367E-002  1.605127342780311E-002
   2.61974584555230      -2.267796241148907E-002  4.979559310722601E-003
   2.62952101661779      -1.692590835781049E-002 -5.174046159561383E-003
   2.63929618768328      -1.346565686382680E-002 -2.479726235458312E-002
   2.64907135874878      -3.123144391249764E-003 -3.899304612149192E-002
   2.65884652981427       6.962285105136952E-003 -2.979279287190047E-002
   2.66862170087977       2.159318725958888E-002 -1.866965617112564E-002
   2.67839687194526       2.251268436636973E-002 -1.291456778844076E-002
   2.68817204301075       5.936719063532856E-003 -9.249713378075747E-003
   2.69794721407625      -6.843701283044398E-003 -9.821309537292567E-004
   2.70772238514174      -8.958524148125188E-003  5.341850135619219E-003
   2.71749755620723      -1.223283228121965E-003  1.771093095357512E-003
   2.72727272727273       7.988431927672773E-003 -8.291702413218260E-003
   2.73704789833822       1.121412686080172E-002 -1.760192564252643E-002
   2.74682306940371       1.693969277017179E-002 -2.384411180301115E-002
   2.75659824046921       1.950374487621799E-002 -1.112542448911965E-002
   2.76637341153470       5.649237094130839E-003  7.666384484059838E-003
   2.77614858260020      -9.537560450331118E-003  3.115040237323652E-003
   2.78592375366569      -9.875347286527033E-003 -8.412717581803862E-003
   2.79569892473118      -5.412405142104564E-003 -2.683378251552415E-002
   2.80547409579668       3.442175703128123E-003 -4.882302425585460E-002
   2.81524926686217       1.045664094924689E-002 -5.422086592642985E-002
   2.82502443792766       3.387129752176758E-003 -3.554294096897531E-002
   2.83479960899316      -5.138193127766614E-003 -1.841719826929224E-002
   2.84457478005865      -2.027120393821423E-003 -1.369844920357156E-002
   2.85434995112414       3.465125281658062E-003 -2.053309543005259E-002
   2.86412512218964      -7.489865997291333E-003 -2.365679468629409E-002
   2.87390029325513      -2.223219054016081E-002 -1.409269071546059E-002
   2.88367546432063      -1.329495149971317E-002 -1.424891169672468E-002
   2.89345063538612       9.143839468470234E-003 -2.767098677247892E-002
   2.90322580645161       1.257817027174655E-002 -2.895908559497007E-002
   2.91300097751711      -3.974629424619595E-003 -1.448456396017871E-002
   2.92277614858260      -1.966703396231235E-002 -1.677182245397003E-002
   2.93255131964809      -2.886314975575572E-002 -3.680532907523996E-002
   2.94232649071359      -3.638109685435176E-002 -4.069522318553055E-002
   2.95210166177908      -2.891301903499242E-002 -3.139138343809090E-002
   2.96187683284457      -7.354521249928359E-003 -3.004850442514434E-002
   2.97165200391007       6.538887873509962E-003 -3.050182448942658E-002
   2.98142717497556       4.690320511278148E-003 -2.531413355656449E-002
   2.99120234604106       2.089203426608277E-004 -1.724556388060742E-002
   3.00097751710655       1.113526998373130E-002 -3.692493906413126E-003
   3.01075268817204       2.870098650988774E-002  1.401361802038452E-002
   3.02052785923754       1.705409646754620E-002  2.600667272309178E-002
   3.03030303030303      -4.750267867980330E-005  1.575397593554991E-002
   3.04007820136852       5.210260320927503E-004 -1.550626181536399E-003
   3.04985337243402       2.332913137770983E-003 -1.156156748189321E-002
   3.05962854349951      -4.210250239689536E-003 -1.047772783522093E-002
   3.06940371456500      -2.101970803101159E-003 -1.021090950206346E-002
   3.07917888563050       4.243908522985024E-003 -1.612266968082441E-002
   3.08895405669599      -8.499934531023330E-003 -1.707895134305825E-002
   3.09872922776149      -1.861259432407570E-002 -1.355241964054707E-002
   3.10850439882698      -1.175555952269820E-002 -5.706942524629954E-003
   3.11827956989247      -1.299228590842534E-002  2.758446782181664E-003
   3.12805474095797      -1.125204365912269E-002  2.648502262499359E-003
   3.13782991202346      -7.214769664247365E-003 -3.691941014874943E-003
   3.14760508308895      -1.194497250192889E-002  2.238831948914068E-003
   3.15738025415445      -1.818190316978145E-002  1.069763157627504E-002
   3.16715542521994      -9.810302072001266E-003  3.903846723546751E-003
   3.17693059628543       2.510931241211905E-003 -1.025591944832457E-002
   3.18670576735093       4.402927900960904E-004 -1.799256257238218E-002
   3.19648093841642      -5.159195182504586E-003 -2.069229856714292E-002
   3.20625610948192      -4.207551129233243E-003 -1.796690575929679E-002
   3.21603128054741      -5.703845978510758E-003 -1.321543352768636E-002
   3.22580645161290      -5.801487405812804E-003 -7.732838208175945E-003
   3.23558162267840      -1.028755436879016E-002 -1.955021598857389E-003
   3.24535679374389      -5.983304353414370E-003  1.110627382070067E-002
   3.25513196480938       3.064354622512952E-003  1.963419409389588E-002
   3.26490713587488      -7.337983784849421E-003  1.617738099207931E-002
   3.27468230694037      -1.132035821716390E-002  6.712147504733543E-003
   3.28445747800587      -3.213218555277922E-003 -7.605988811109582E-003
   3.29423264907136      -5.800043675558099E-003 -1.176024717128940E-002
   3.30400782013685      -9.624776699063102E-003 -5.732116661583711E-003
   3.31378299120235      -1.062489403954182E-002 -5.731701173421362E-003
   3.32355816226784      -1.894931597451307E-002 -1.231836578559885E-002
   3.33333333333333      -2.353712616713148E-002 -1.307366235295414E-002
   3.34310850439883      -2.034384148140929E-002 -6.461899744282834E-003
   3.35288367546432      -1.744455631497828E-002 -6.796559447033421E-003
   3.36265884652981      -3.455477391280116E-003 -1.938045528296476E-003
   3.37243401759531       2.087042812592421E-003  1.789073383108966E-002
   3.38220918866080      -2.340123284857779E-002  1.143181702626552E-002
   3.39198435972630      -3.571319564953346E-002  7.636270732954237E-003
   3.40175953079179      -2.900807989975159E-002  1.689185518332616E-002
   3.41153470185728      -3.512572787468914E-002  9.915503474621593E-003
   3.42130987292278      -3.425277433236678E-002  3.375191336742717E-003
   3.43108504398827      -2.164167505149368E-002 -1.643372956947389E-003
   3.44086021505376      -1.142690880372799E-002 -1.254276346693254E-003
   3.45063538611926      -4.535334519433487E-003  1.843305851097714E-002
   3.46041055718475       2.101792171406014E-003  3.563577825585283E-002
   3.47018572825024       4.529856456097563E-003  2.467871685830834E-002
   3.47996089931574       8.209234866909649E-003  6.326047183276506E-003
   3.48973607038123       1.464301180691007E-002 -1.252603760650661E-002
   3.49951124144673       1.778311828801106E-002 -3.143110418949670E-002
   3.50928641251222       1.324637333773087E-002 -2.281296991721594E-002
   3.51906158357771       3.344332243238873E-003 -5.412180267773231E-003
   3.52883675464321      -2.476474123972290E-003 -2.021205233651278E-003
   3.53861192570870      -2.276681606642799E-003  6.603669366200304E-003
   3.54838709677419      -9.644918228985051E-004  1.229258409658813E-002
   3.55816226783969      -8.348779908558606E-004 -4.561669730172560E-005
   3.56793743890518      -4.883063668337332E-003 -6.033559563786464E-003
   3.57771260997067      -1.629391877921861E-002 -7.351461238961669E-003
   3.58748778103617      -1.254239319684803E-002 -1.089091601319823E-002
   3.59726295210166       5.712215177334917E-003 -2.090204673447495E-003
   3.60703812316716       1.112461169671755E-002  1.155239887163381E-002
   3.61681329423265       8.834954772854739E-003  1.203594188243587E-002
   3.62658846529814       1.047775670241139E-002  4.898636117601157E-003
   3.63636363636364       1.537450225469726E-002 -6.746736825277089E-004
   3.64613880742913       9.761925226007627E-003  1.183998066599570E-003
   3.65591397849462      -1.400575088191788E-002  9.055773281865392E-003
   3.66568914956012      -3.862994789549066E-002  1.625554903406494E-002
   3.67546432062561      -3.484312522651563E-002  1.742763139895396E-002
   3.68523949169110      -1.624756626726737E-002  1.162682172950680E-002
   3.69501466275660      -1.047377671159749E-002  3.514736973672339E-003
   3.70478983382209      -1.460290930562528E-002  3.781102549990478E-004
   3.71456500488759      -9.510211139360540E-003 -1.635990159483905E-003
   3.72434017595308       1.036246631758796E-002  3.678734192192413E-003
   3.73411534701857       2.445330692198903E-002  1.612650980123392E-003
   3.74389051808407       2.119063059768093E-002 -7.574588518457345E-003
   3.75366568914956       1.030058073885637E-002 -5.439692674162085E-003
   3.76344086021505       3.402210075724233E-003  1.596299898225136E-002
   3.77321603128055       7.942449089317355E-003  2.234796885110931E-002
   3.78299120234604       1.862428048327015E-002  5.477312763038332E-003
   3.79276637341153       2.508530748415844E-002  3.014594329646616E-003
   3.80254154447703       2.438590344269757E-002  4.050608157054365E-003
   3.81231671554252       1.617419641031926E-002  6.670049575497963E-003
   3.82209188660802       1.161327746468826E-002  1.472647196133033E-002
   3.83186705767351       1.419550582041921E-002  1.512061208881437E-002
   3.84164222873900       9.096091452288372E-003 -3.698841799294350E-003
   3.85141739980450      -6.197000919839914E-004 -1.997879281095592E-002
   3.86119257086999      -9.074514961501804E-003 -8.884396140739798E-003
   3.87096774193548      -1.845776887585598E-002  5.906430323695280E-004
   3.88074291300098      -2.176660970634114E-002 -4.651551348881384E-003
   3.89051808406647      -2.595832970204845E-002 -5.700137114395248E-003
   3.90029325513196      -3.314551762630832E-002 -9.686609738915700E-003
   3.91006842619746      -4.016306647304267E-002 -1.775839811440857E-002
   3.91984359726295      -3.177304032851538E-002 -2.304195540146561E-002
   3.92961876832845      -1.442541707400702E-002 -2.303240750751030E-002
   3.93939393939394      -8.312773227670437E-003 -1.173651524675001E-002
   3.94916911045943      -8.169606907407123E-003 -3.125107821375739E-003
   3.95894428152493      -1.009049374773679E-002 -3.872124493512175E-004
   3.96871945259042      -4.362563805686578E-003  6.344016391761024E-003
   3.97849462365591       5.911155924255823E-003  2.266623698551253E-002
   3.98826979472141       1.188139237685874E-002  2.507319480307533E-002
   3.99804496578690       1.775151883091622E-002  3.550500728449132E-003
   4.00782013685239       2.001824100449254E-002 -8.666820668483483E-003
   4.01759530791789       1.020994542694186E-002 -8.170925077671397E-004
   4.02737047898338      -4.562587934905649E-004  1.564857800402296E-002
   4.03714565004888       2.743583299172739E-003  3.138603514946013E-002
   4.04692082111437       8.147638046062394E-003  1.147740110987706E-002
   4.05669599217986       7.350493047705306E-003 -3.800746234327102E-002
   4.06647116324536       6.667074402926706E-003 -5.628009881593479E-002
   4.07624633431085       1.099414874790598E-002 -3.008632099766063E-002
   4.08602150537634       1.639533201871224E-002  3.645287309103736E-003
   4.09579667644184       1.637281188188563E-002  1.702987340124556E-002
   4.10557184750733       1.202009583739054E-002  8.253530296309082E-003
   4.11534701857282       6.782640456140214E-003  1.806664704376470E-003
   4.12512218963832       3.766791644365527E-003  4.189633094693703E-003
   4.13489736070381       3.047462539043349E-003  2.428437210429317E-003
   4.14467253176931       1.940976706817075E-003 -7.585042596140134E-003
   4.15444770283480      -2.830427399913341E-003 -1.837443414389779E-002
   4.16422287390029      -1.993479602694128E-002 -2.160718744587089E-002
   4.17399804496579      -3.292907420399124E-002 -1.158926515521595E-002
   4.18377321603128      -2.383485286329856E-002 -1.109976062807856E-003
   4.19354838709677      -1.437891470066055E-002 -4.973529529451268E-003
   4.20332355816227      -1.708076517400879E-004 -1.399696617631338E-002
   4.21309872922776       2.023492898366918E-002 -1.634239116088992E-002
   4.22287390029325       3.139536404329826E-002 -1.304518706076444E-002
   4.23264907135875       2.517614571035832E-002 -8.225480774241515E-003
   4.24242424242424       1.094000382463969E-002 -8.311715241689001E-003
   4.25219941348974      -3.126846959908090E-004 -1.421117461134560E-002
   4.26197458455523      -1.987517020663033E-002 -9.238602567251569E-003
   4.27174975562072      -3.063241405724017E-002 -1.978882318169737E-003
   4.28152492668622      -3.167464177986108E-002 -7.668301995612112E-003
   4.29130009775171      -3.505600697679760E-002 -1.280878373251216E-002
   4.30107526881720      -2.013579435450085E-002  2.061551916326842E-003
   4.31085043988270       1.475673346623271E-003  9.521582784734681E-003
   4.32062561094819       9.219677107652320E-003 -6.228592255684199E-005
   4.33040078201368       6.803578906725047E-003 -4.702561862600127E-003
   4.34017595307918       3.271577605508255E-003 -6.504292999493642E-003
   4.34995112414467      -1.338927461539774E-002 -3.186796957300775E-003
   4.35972629521017      -2.471882961204022E-002  2.626022490769007E-003
   4.36950146627566      -1.512797509487914E-002 -5.395691032030516E-003
   4.37927663734115      -3.145733860721590E-003 -1.461313167465105E-002
   4.38905180840665       9.550948038656630E-004 -5.083286535057159E-003
   4.39882697947214       2.329425889362433E-003  1.012524991305066E-002
   4.40860215053763       6.118331904623424E-003  3.926520975462235E-003
   4.41837732160313       8.899163086172081E-003 -2.460469614604091E-002
   4.42815249266862       1.713877058654952E-002 -3.849642011254563E-002
   4.43792766373411       1.730204684532440E-002 -3.013956833422751E-002
   4.44770283479961       1.018065722576238E-002 -1.556078765933210E-002
   4.45747800586510       7.560706864318111E-003 -4.555523463274697E-003
   4.46725317693060       3.244371214142131E-003  2.220474429201658E-003
   4.47702834799609       7.675780312407260E-003 -2.327965413105780E-003
   4.48680351906158       1.617319631121559E-002 -1.174267047482536E-002
   4.49657869012708       1.470401829560417E-002 -4.527939551011085E-003
   4.50635386119257       1.899104833653604E-002  3.234862134132952E-003
   4.51612903225806       2.619653184757027E-002  6.314470414593887E-005
   4.52590420332356       1.707093644066814E-002  6.761781395735863E-004
   4.53567937438905      -1.943836166495202E-003  1.596603243195211E-002
   4.54545454545455      -1.161235181948024E-002  2.623973878063680E-002
   4.55522971652004      -3.849062728189339E-003  1.422509055621562E-002
   4.56500488758553       8.603675967417526E-003  1.005849532512060E-002
   4.57478005865103       1.646074478257938E-002  1.859450115610638E-002
   4.58455522971652       1.731239938909742E-002  1.880092080044427E-002
   4.59433040078201       1.699915773827887E-002  7.997612541904703E-003
   4.60410557184751       1.363354508524433E-002  1.035873228337176E-002
   4.61388074291300       4.661287781129816E-003  2.446222824530664E-002
   4.62365591397849       1.020122215359627E-003  3.257973000632771E-002
   4.63343108504399       9.255164586957564E-003  2.548661253658456E-002
   4.64320625610948       1.743546547334708E-002  9.239025549061723E-003
   4.65298142717498       1.016936014790324E-002 -1.314236989940181E-002
   4.66275659824047      -7.281067855169187E-004 -1.932816166593209E-002
   4.67253176930596      -2.673954652816890E-003 -5.236430255349200E-003
   4.68230694037146      -1.229613659657814E-002  8.269094903137129E-003
   4.69208211143695      -2.348037033966456E-002  1.058706300699789E-002
   4.70185728250244      -2.481327483340904E-002  7.688701439232702E-003
   4.71163245356794      -1.714052970513523E-002 -2.546897919950111E-003
   4.72140762463343      -1.597236479534177E-003 -7.838322091516213E-003
   4.73118279569892       1.689905390618293E-002 -6.011061474331390E-003
   4.74095796676442       1.512918355391293E-002 -2.889045589618804E-003
   4.75073313782991       5.909796454964656E-003 -3.035480913582135E-003
   4.76050830889541       1.750019385246738E-002 -1.204026774481735E-002
   4.77028347996090       3.182445233083152E-002 -2.026436338588050E-002
   4.78005865102639       2.061851763808343E-002 -1.843095936092368E-002
   4.78983382209189      -3.227516700528726E-004 -1.124657753667303E-002
   4.79960899315738      -9.204427005723517E-003 -6.243284965797557E-003
   4.80938416422287       1.176159266997467E-003  6.242009968013662E-003
   4.81915933528837       7.947912560902196E-003  2.870581209052724E-002
   4.82893450635386       2.056312191534809E-003  2.585797536244219E-002
   4.83870967741935      -5.530037136757794E-004  1.572542766817874E-004
   4.84848484848485       2.662174833209118E-003 -1.390716532495545E-002
   4.85826001955034       2.294477639418041E-003 -1.470759594072959E-002
   4.86803519061584      -6.032051910213893E-003 -1.565267526052959E-002
   4.87781036168133      -1.223821181394337E-002 -1.264890828003447E-002
   4.88758553274682      -1.705250221064255E-004  1.184559703537219E-002
   4.89736070381232       1.680915677768499E-002  3.792023385986123E-002
   4.90713587487781       9.060496041933739E-003  3.509134408137877E-002
   4.91691104594330      -9.626776223866288E-003  1.631094077973522E-002
   4.92668621700880      -8.364300332876993E-003 -4.305790991221911E-003
   4.93646138807429      -3.348425444774076E-003 -1.535301218607203E-002
   4.94623655913978      -1.271769339116654E-002 -1.615076131734462E-002
   4.95601173020528      -1.365445705486823E-002 -1.800036129279379E-003
   4.96578690127077       1.134979997733719E-003  2.216747761639846E-002
   4.97556207233627       9.252140319675257E-003  3.058907397230917E-002
   4.98533724340176       1.265636065601862E-002  2.128180672888621E-002
   4.99511241446725       1.602047874960188E-002  1.363331545998395E-002
   5.00488758553275       1.615620768410935E-002  1.546649683589003E-002
   5.01466275659824       1.595868745892910E-002  4.926858195898089E-003
   5.02443792766373       1.427661294432283E-002 -5.392360795086404E-003
   5.03421309872923       6.603520204492617E-003  4.622227062845077E-004
   5.04398826979472      -1.187853432239419E-002  5.352614113964338E-003
   5.05376344086022      -3.438166503563889E-002  1.274916303907959E-002
   5.06353861192571      -3.433047250350577E-002  1.059367592495790E-002
   5.07331378299120      -1.885501643493616E-002 -2.663422333390873E-003
   5.08308895405670      -1.457448697853366E-002  5.583728032293453E-003
   5.09286412512219      -1.757578536586116E-002  1.560515811556125E-002
   5.10263929618768      -1.381733846022772E-002  6.691653432471931E-003
   5.11241446725318      -1.275376151943323E-003 -3.907110800559821E-003
   5.12218963831867       9.787378560336618E-003 -3.330670636104026E-004
   5.13196480938416      -5.876577710693820E-004  9.502954769178560E-003
   5.14173998044966      -9.334653032040899E-003  5.801892279789607E-003
   5.15151515151515      -4.497071461217849E-004 -2.070724236414004E-002
   5.16129032258065       3.845934996850347E-003 -5.188393366716978E-002
   5.17106549364614      -3.405637938820023E-003 -4.795679601734428E-002
   5.18084066471163      -1.197100283313927E-002 -2.863666575711772E-002
   5.19061583577713      -1.510851145220577E-002 -1.919090525001875E-002
   5.20039100684262      -1.647816492340033E-002 -5.250914467501581E-003
   5.21016617790811      -3.073722262433296E-002  5.001634536338456E-004
   5.21994134897361      -4.611334347811685E-002 -8.538087562262337E-003
   5.22971652003910      -2.997795891095259E-002 -1.382089180794052E-002
   5.23949169110459      -1.603632400309057E-002 -1.081952846208015E-003
   5.24926686217009      -2.126628881348114E-002  1.232514912224005E-002
   5.25904203323558      -2.251052516025568E-002  1.193163383215124E-002
   5.26881720430108      -1.932558066518001E-002  1.017304767834105E-002
   5.27859237536657      -1.421197636815214E-002  1.257016998378453E-002
   5.28836754643206       3.079130941892460E-004  4.028313859545325E-003
   5.29814271749756       1.404444759463260E-002 -8.034030434986100E-003
   5.30791788856305       6.529412164596202E-003  5.076205599937241E-003
   5.31769305962854      -9.800164581171633E-003  1.879226697943152E-002
   5.32746823069404      -1.260081862661593E-002  1.115686229385613E-002
   5.33724340175953      -9.091477209849180E-003  3.353144216825783E-003
   5.34701857282502      -1.631296236850480E-003 -1.002063436196019E-002
   5.35679374389052       9.366909722760407E-003 -1.912120365863358E-002
   5.36656891495601       1.077919341309506E-002  1.206246863042748E-003
   5.37634408602151       5.653939452386276E-004  1.893687295889974E-002
   5.38611925708700      -1.172345949814284E-003  9.122265421245654E-003
   5.39589442815249       1.333043783020574E-002 -9.116312660197159E-004
   5.40566959921799       1.849973694399994E-002  4.467895254377058E-003
   5.41544477028348       1.352544679382591E-002  6.932504140694746E-003
   5.42521994134897       1.101559306445368E-002  5.775199747388994E-003
   5.43499511241447       8.163755951225010E-003  9.032846691293365E-003
   5.44477028347996       1.515712221835771E-002  1.262202497232264E-002
   5.45454545454545       1.600384985476469E-002  1.303461978750284E-002
   5.46432062561095       9.429219827407234E-003  1.843675116545502E-002
   5.47409579667644       6.232123741970047E-003  2.440193316139507E-002
   5.48387096774194       4.289850043220793E-003  2.222482891627093E-002
   5.49364613880743       8.445720677456626E-003  6.206133521321069E-003
   5.50342130987292       1.831189024403191E-002 -4.425478199716631E-004
   5.51319648093842       2.825074547233841E-002  1.721012977338906E-002
   5.52297165200391       3.993690804683026E-002  1.648911150900080E-002
   5.53274682306940       3.687632059221527E-002 -5.374401055939657E-003
   5.54252199413490       2.818676630370104E-002 -1.143446645566484E-002
   5.55229716520039       1.869727148743837E-002 -1.089135185611772E-002
   5.56207233626589       2.170429447751100E-003 -1.265841232283360E-002
   5.57184750733138      -8.843332288711226E-003 -6.539439384019604E-003
   5.58162267839687      -3.701879905046141E-003 -1.862933482780410E-004
   5.59139784946237       2.333173739520781E-003 -4.677527840062756E-003
   5.60117302052786       1.012053785073910E-002 -6.014673156795979E-003
   5.61094819159335       1.701673068294507E-002 -6.706300432474243E-003
   5.62072336265885       2.150557908081412E-002 -2.264476233171756E-002
   5.63049853372434       2.329503575041947E-002 -4.979205785204457E-002
   5.64027370478983       1.024966344808446E-002 -6.122992686155809E-002
   5.65004887585533      -5.678384156168228E-003 -4.274078666789104E-002
   5.65982404692082      -1.400016149327268E-002 -2.870161450768461E-002
   5.66959921798632      -1.460157652577514E-002 -2.045481580977003E-002
   5.67937438905181      -9.847770460531478E-003  1.197093304831353E-003
   5.68914956011730      -1.458271414815754E-002  9.339774509272558E-003
   5.69892473118280      -1.775945741162938E-002  3.686329333825348E-003
   5.70869990224829      -2.284115304971068E-003  5.656928814732381E-003
   5.71847507331378       1.271734071209192E-002  1.056135641396207E-002
   5.72825024437928       1.785670203470636E-002  1.145457595912419E-002
   5.73802541544477       2.290558007857894E-002  5.137025995780778E-003
   5.74780058651026       3.078713628575993E-002 -5.245283250672492E-003
   5.75757575757576       2.456213969596193E-002 -1.259093784228436E-002
   5.76735092864125       8.693755805464554E-003 -1.973561502696141E-002
   5.77712609970675       1.179591426900914E-002 -3.852248031635419E-002
   5.78690127077224       1.944785678113128E-002 -6.353533075608191E-002
   5.79667644183773       7.433315338781851E-003 -5.108928725038218E-002
   5.80645161290323      -4.448419474853551E-003 -1.444986389672103E-002
   5.81622678396872      -5.973916161757018E-003  1.131056468845041E-003
   5.82600195503421      -1.778453287381949E-003 -7.424417197961600E-003
   5.83577712609971       1.979125623575937E-003 -1.294058437543759E-002
   5.84555229716520       1.683773032434360E-003 -9.121153792142652E-003
   5.85532746823069      -6.863503203659735E-003 -2.115443910363628E-003
   5.86510263929619      -1.502073755154132E-002  2.797562829583726E-003
   5.87487781036168      -1.096368684329960E-002  3.142168877883159E-003
   5.88465298142718       2.915394044231448E-004  2.698563534771941E-003
   5.89442815249267       9.368132588716532E-003 -8.409128084302671E-005
   5.90420332355816       1.154711351830079E-002  4.824681425375394E-005
   5.91397849462366       7.874339058427177E-003  8.596435809024004E-004
   5.92375366568915       6.123513678018567E-003  1.040909501999462E-003
   5.93352883675464       1.189794282884144E-002  7.872782479752188E-003
   5.94330400782014       6.616484559084671E-003  1.615856423469886E-002
   5.95307917888563       1.819952537179936E-003  1.156733049702212E-002
   5.96285434995112       6.453611575200823E-003  5.719604490388911E-003
   5.97262952101662       1.223832460246248E-002  9.416674894683707E-003
   5.98240469208211       1.456648431899679E-002  5.098984427651624E-003
   5.99217986314761       1.486910784316020E-002 -1.414166370427575E-002
   6.00195503421310       1.221218719736548E-002 -2.739394219161115E-002
   6.01173020527859      -8.836420610682254E-003 -2.371219090890647E-002
   6.02150537634409      -2.781154159193360E-002 -1.560624219699723E-002
   6.03128054740958      -3.085349720369531E-002 -1.381168965870604E-002
   6.04105571847507      -2.000998858944374E-002 -8.400186709203899E-003
   6.05083088954057      -2.154835701779886E-003  5.149181712329168E-004
   6.06060606060606       2.587957115388697E-003  2.663103221575122E-003
   6.07038123167155       1.101274435513643E-003  2.906726151383022E-003
   6.08015640273705       8.471103514534114E-003  3.080318616495248E-003
   6.08993157380254       1.368969246626414E-002 -3.671585579889764E-003
   6.09970674486804       1.615597165744156E-002 -1.439304828175410E-002
   6.10948191593353       1.736000841333011E-002 -1.864966703087545E-002
   6.11925708699902       1.190303437965095E-002 -1.985896086713237E-002
   6.12903225806452       1.195557134642253E-002 -2.161895592479252E-002
   6.13880742913001       1.508664352084544E-002 -1.955944712023512E-002
   6.14858260019550       1.380489853290818E-002 -1.478424147079553E-002
   6.15835777126100       1.965009394082147E-002 -1.162666445310778E-002
   6.16813294232649       2.420699797328804E-002 -9.017667133571791E-003
   6.17790811339198       1.161540745692511E-002 -7.849092635797082E-003
   6.18768328445748       6.264642687028957E-003 -4.035951017716509E-003
   6.19745845552297       1.329230798688359E-002 -4.014422595747373E-004
   6.20723362658847       1.230639220576873E-002 -5.530418810263552E-003
   6.21700879765396       6.345486014177958E-003 -9.645580352959676E-003
   6.22678396871945       2.056529721031291E-003 -2.664555681376904E-003
   6.23655913978495      -1.988093612651029E-003  1.495854515564635E-003
   6.24633431085044      -6.514384765212095E-004 -8.735891132743943E-003
   6.25610948191593       5.974213550645713E-003 -9.202935910502915E-003
   6.26588465298143       8.840223733347675E-003  4.362378164400115E-004
   6.27565982404692       7.272672892573415E-003  5.969159041867974E-003
   6.28543499511241      -1.474646744339100E-003  8.167187115361988E-003
   6.29521016617791      -1.020824951020511E-002  1.725725188800905E-002
   6.30498533724340      -2.057051535329389E-003  2.199139416341669E-002
   6.31476050830890       1.292768538249881E-002  1.879382480566595E-003
   6.32453567937439       1.664718274508142E-002 -1.889934156131661E-002
   6.33431085043988       1.232163592875278E-002 -1.325830143912809E-002
   6.34408602150538       6.543439553719926E-003 -3.036907051534893E-003
   6.35386119257087       2.862321539759734E-003 -4.381849262264971E-003
   6.36363636363636      -8.042167595405492E-003 -1.278428644322950E-002
   6.37341153470186      -2.367200872658294E-002 -3.109903980123991E-002
   6.38318670576735      -2.525500347998615E-002 -4.899191722892367E-002
   6.39296187683284      -3.175796013154917E-003 -4.134625144435396E-002
   6.40273704789834       1.804628267763525E-002 -1.516254174554391E-002
   6.41251221896383       1.121972598928034E-002  1.110524489882004E-003
   6.42228739002933      -9.921089817404999E-003 -6.223512471274939E-003
   6.43206256109482      -1.277343292815698E-002 -2.790236958938997E-002
   6.44183773216031       1.801190408519040E-003 -3.273154368888920E-002
   6.45161290322581       1.623026648325973E-002 -8.594767297471235E-003
   6.46138807429130       1.433103544657840E-002  1.679453769605502E-002
   6.47116324535679      -7.521632523500516E-003  7.875807348728725E-003
   6.48093841642229      -1.558313965352334E-002 -1.583602155871444E-002
   6.49071358748778      -1.819331111094906E-002 -2.153774528900087E-002
   6.50048875855328      -2.431771482209528E-002 -1.646746764077233E-002
   6.51026392961877      -1.203845855745066E-003 -1.444224534432126E-002
   6.52003910068426       1.968025963005430E-002 -1.501979463445475E-002
   6.52981427174976       1.774823055081653E-002 -1.043887587851182E-002
   6.53958944281525       1.899925495841628E-003 -8.187585235757594E-004
   6.54936461388074      -1.212525503593909E-002  8.113470977501310E-003
   6.55913978494624      -1.346512477687832E-002  7.546675935236047E-003
   6.56891495601173      -1.222158210704944E-003  1.967249712740201E-003
   6.57869012707722       1.540549212595365E-002 -8.881668201664349E-003
   6.58846529814272       2.660567478589918E-002 -2.023508994042363E-002
   6.59824046920821       2.562243054348551E-002 -2.353634899349757E-002
   6.60801564027371       1.774461936491925E-002 -2.361217314120933E-002
   6.61779081133920       1.146271084421452E-002 -2.131992591846657E-002
   6.62756598240469       8.582657596939365E-003 -7.369659484552277E-003
   6.63734115347019       7.171219125338267E-003  9.170576799336074E-004
   6.64711632453568       6.429398545891633E-003 -3.735752519734432E-003
   6.65689149560117      -1.005440232249133E-002 -1.218114356376873E-002
   6.66666666666667      -4.179346043023665E-002 -1.662021842794259E-002
   6.67644183773216      -4.039351787836599E-002 -9.533575929868881E-003
   6.68621700879765      -2.966515147628294E-003 -3.509696096583966E-003
   6.69599217986315       1.201769146719420E-002  2.392638224627990E-004
   6.70576735092864       4.745812853040324E-003 -4.249312404618216E-003
   6.71554252199414      -3.230732869717973E-003 -1.940119287064856E-002
   6.72531769305963      -1.531979178853413E-002 -2.499494949952224E-002
   6.73509286412512      -2.431859316999644E-002 -1.180089337706465E-002
   6.74486803519062      -1.400600243287312E-002  1.632334104935806E-003
   6.75464320625611      -4.279548682170671E-003  5.513085570987140E-003
   6.76441837732160      -1.223171354450632E-002  1.369530924797579E-003
   6.77419354838710      -2.459084825488077E-002 -1.746714447690553E-003
   6.78396871945259      -3.274329049944946E-002  2.985129489207098E-003
   6.79374389051808      -2.818820843209440E-002  3.403703818239316E-003
   6.80351906158358      -1.476260529666432E-002 -1.582737738564847E-003
   6.81329423264907      -9.543618235169613E-003 -1.008152172403982E-003
   6.82306940371457      -9.807738971378200E-003 -1.022134783222937E-002
   6.83284457478006      -8.421780551475664E-003 -3.313902817122725E-002
   6.84261974584555      -8.221587912432399E-003 -3.497514247853726E-002
   6.85239491691105      -1.023979259504980E-002 -1.398494167801837E-002
   6.86217008797654      -4.699801451591010E-003  5.345442918388187E-004
   6.87194525904203       7.823945976260077E-003  1.516242430494323E-003
   6.88172043010753       9.535372518548890E-003 -1.447730195999719E-002
   6.89149560117302       3.255645210025066E-003 -2.850194372161678E-002
   6.90127077223851       2.131433175447274E-003 -1.901315810581180E-002
   6.91104594330401       1.289735136902509E-002 -6.641959108063583E-003
   6.92082111436950       1.759614983546069E-002  1.465103526036463E-003
   6.93059628543500       1.462563129446773E-002  1.264202384641449E-002
   6.94037145650049       1.978006584720505E-002  2.484501039242834E-002
   6.95014662756598       1.711667645802034E-002  2.174162626343971E-002
   6.95992179863148      -1.355799577630399E-003  3.455474190594436E-003
   6.96969696969697      -1.237573543435526E-002 -8.046381080649755E-005
   6.97947214076246      -1.400831311252132E-002  1.755103935120009E-003
   6.98924731182796      -1.017735006172919E-002  3.565951755574637E-003
   6.99902248289345       2.361005586182053E-004  8.017483268168743E-003
   7.00879765395894       9.490329357859624E-003  4.090540102353902E-003
   7.01857282502444       7.833910515705885E-003 -1.748751367199740E-005
   7.02834799608993       5.930745116784571E-003 -1.936827165344064E-003
   7.03812316715543       8.735325595304140E-003  1.424358235169744E-003
   7.04789833822092       1.279402397597152E-002  4.894154883285669E-003
   7.05767350928641       1.414291946720200E-002  4.458769195214712E-003
   7.06744868035191      -2.700502422596988E-003  2.098425066807717E-002
   7.07722385141740      -1.706908697875262E-002  4.284273722792072E-002
   7.08699902248289      -6.564508915710607E-003  4.229972832453593E-002
   7.09677419354839       7.604322695885738E-003  1.988713084233291E-002
   7.10654936461388       1.066454217015629E-002 -9.292286781659973E-003
   7.11632453567937      -9.021510614722930E-003 -2.371379446045098E-002
   7.12609970674487      -3.092249315773094E-002 -2.392479021726190E-002
   7.13587487781036      -2.151323257461465E-002 -2.514789027540794E-002
   7.14565004887586       5.284039338660118E-003 -2.896710186253793E-002
   7.15542521994135       2.555039440467490E-002 -2.667968551603092E-002
   7.16520039100684       2.749570790509339E-002 -2.140234562538127E-002
   7.17497556207234       1.485920969890358E-002 -1.028188646880404E-002
   7.18475073313783       2.810484613725317E-003  1.091980745554561E-002
   7.19452590420332       1.026428657969866E-003  2.649508030208335E-002
   7.20430107526882      -5.174240647984016E-003  2.710361233006773E-002
   7.21407624633431      -7.994670680479240E-003  1.602039426755942E-002
   7.22385141739980      -5.049711980768603E-003  9.010006813651696E-003
   7.23362658846530       9.574802508594056E-003 -7.860842499126823E-004
   7.24340175953079       2.672842656345486E-002 -1.240863365701240E-002
   7.25317693059629       2.694060163262582E-002 -8.834140113267505E-003
   7.26295210166178       1.685289692141752E-002 -8.319015758004130E-004
   7.27272727272727       1.210056363635107E-002  2.023799902038955E-003
   7.28250244379277       1.241868734099278E-002  8.070880886907939E-004
   7.29227761485826       1.111807633625863E-002 -9.347434417082384E-003
   7.30205278592375       1.992029220582071E-002  1.460115350052622E-003
   7.31182795698925       2.256167437432916E-002  2.150784728299654E-002
   7.32160312805474       5.582032159665392E-003  1.552764807308383E-002
   7.33137829912023      -9.703570773731338E-003 -2.898577660197859E-003
   7.34115347018573      -1.481945747943383E-002 -1.002748216891635E-002
   7.35092864125122      -8.672173899504424E-003 -4.882498108779419E-003
   7.36070381231672       1.340779818187684E-002 -3.179494662028538E-003
   7.37047898338221       2.146511528201880E-002 -9.604345688514381E-003
   7.38025415444770       7.159153026921576E-003 -1.344555341858040E-002
   7.39002932551320      -5.645077053044088E-003 -1.015729063774773E-002
   7.39980449657869      -5.228573799763717E-003 -8.072974725451522E-003
   7.40957966764418       3.574092800405577E-003 -6.247361137747183E-003
   7.41935483870968       1.038166980512989E-002 -6.590791432174596E-003
   7.42913000977517       1.278650410638360E-002 -6.232461992984664E-003
   7.43890518084066       1.290864640623986E-002 -5.195684406522228E-003
   7.44868035190616       9.399942688787901E-003 -5.180777016812977E-003
   7.45845552297165      -4.738564030556345E-004 -2.368709860885419E-003
   7.46823069403715       2.813572265001140E-003  5.811205258587884E-003
   7.47800586510264       1.230152720324484E-002  1.170671059746323E-002
   7.48778103616813       1.560783749721084E-002  1.065952064471246E-002
   7.49755620723363       1.398895213943115E-002  1.119458813452426E-002
   7.50733137829912      -3.902421297510332E-003  1.790468315423515E-002
   7.51710654936461      -1.538824032347696E-002  3.345220244803278E-002
   7.52688172043011      -6.665800179427348E-003  3.225590421764171E-002
   7.53665689149560      -3.057617827257740E-003  1.374296782271691E-002
   7.54643206256110      -1.040646370888731E-002  1.281571659951031E-002
   7.55620723362659      -1.706715752121682E-002  3.299383743304647E-002
   7.56598240469208      -5.686682786891792E-003  5.995783486221275E-002
   7.57575757575758       1.833609741782924E-002  9.399789303056792E-002
   7.58553274682307       3.140863112285198E-002  6.926492585624867E-002
   7.59530791788856       2.517662440763915E-002  1.590417965178452E-002
   7.60508308895406       4.769141430706732E-003 -3.379218954082929E-003
   7.61485826001955      -4.474179203274700E-003 -5.084701352108705E-004
   7.62463343108504      -5.533669420861686E-004  3.619223389387102E-003
   7.63440860215054       4.020408257306444E-004  9.370643428624060E-003
   7.64418377321603       1.200608468591212E-002  1.177210947368170E-002
   7.65395894428153       3.122922262008237E-002  9.523697882505419E-004
   7.66373411534702       2.432117752721227E-002 -1.075953762162502E-003
   7.67350928641251      -1.712809846821702E-003  9.115256743566866E-003
   7.68328445747801      -1.604101388278676E-002  1.755065424106831E-002
   7.69305962854350      -1.370956052562393E-002  1.624144437305114E-002
   7.70283479960899       1.382324229309823E-003  9.335345490100901E-003
   7.71260997067449       2.532300184883869E-002  5.620695582300478E-003
   7.72238514173998       3.742125752563345E-002  6.933059093764470E-003
   7.73216031280547       2.854604964234185E-002  1.414337096070375E-002
   7.74193548387097       2.149425778570605E-002  2.447224274026953E-002
   7.75171065493646       3.281046968528785E-002  2.775033687830767E-002
   7.76148582600196       3.995436770074940E-002  2.335692323605217E-002
   7.77126099706745       2.761024307969455E-002  1.705381756966279E-002
   7.78103616813294       2.175398607378054E-002  1.502809715083256E-003
   7.79081133919844       2.950394146425771E-002 -1.532955454400172E-002
   7.80058651026393       2.258886035208926E-002 -2.250352259397407E-002
   7.81036168132942       9.798117927231280E-003 -2.493001662552034E-002
   7.82013685239492       1.250253626023663E-002 -1.950313349643411E-002
   7.82991202346041       2.862184391807294E-002  4.762342084542129E-003
   7.83968719452590       4.144669970794591E-002  1.347522190874046E-002
   7.84946236559140       3.217833475271954E-002  2.625090070232780E-004
   7.85923753665689       2.055593578406466E-002 -1.930143279413396E-003
   7.86901270772239       1.719865535594204E-002 -3.603515069382260E-004
   7.87878787878788       8.790583005164901E-003 -7.947517608729139E-003
   7.88856304985337      -6.118393047155784E-005 -1.396689003525799E-002
   7.89833822091887       2.533231307819099E-003 -6.689157601207978E-003
   7.90811339198436       9.429415260028809E-003  5.272634947380852E-003
   7.91788856304985       5.300629984403146E-003  5.988712042079178E-004
   7.92766373411535       5.840745137229452E-003 -5.730362005462619E-003
   7.93743890518084       2.182640320411534E-002 -3.874239715622035E-003
   7.94721407624633       3.593369259077218E-002 -4.946730578753155E-003
   7.95698924731183       4.090276455512065E-002 -8.237482930214728E-004
   7.96676441837732       3.327519646416417E-002  8.962600800239081E-003
   7.97653958944282       1.602600067908609E-002  1.632832513178988E-002
   7.98631476050831       1.560236126678212E-002  2.221409555114366E-002
   7.99608993157380       1.711414336869388E-002  1.650607084851087E-002
   8.00586510263930       1.814450866800970E-002  5.943784225111179E-004
   8.01564027370479       1.361688062621175E-002 -2.086679349447635E-003
   8.02541544477028       2.892869679258930E-003 -5.972780407042777E-003
   8.03519061583578       2.290770967647906E-003 -2.356561863060032E-002
   8.04496578690127       8.041175506600289E-003 -5.941074442415574E-002
   8.05474095796676       1.588272000355134E-002 -6.647830763884925E-002
   8.06451612903226       2.086778970345046E-002 -3.533979270100181E-002
   8.07429130009775       1.676458896342368E-002 -1.137875859678773E-002
   8.08406647116325       1.059894453655432E-002  1.240713441949806E-002
   8.09384164222874       1.337845231769434E-002  1.946600234740348E-002
   8.10361681329423       1.783208575922835E-002  2.023144523325215E-002
   8.11339198435973       1.800183403322211E-002  2.217010270351445E-002
   8.12316715542522       5.388620125822541E-003  2.220135423680685E-002
   8.13294232649071      -1.255332299576482E-002  2.936570063339431E-002
   8.14271749755621      -2.106548606405536E-002  3.233682313173351E-002
   8.15249266862170      -8.233829946015885E-003  2.460395655661051E-002
   8.16226783968719       1.457895348877906E-002  2.236344611750148E-002
   8.17204301075269       2.128140732809901E-002  1.545343810723496E-002
   8.18181818181818       2.921664399348652E-002  1.526321345075824E-003
   8.19159335288368       4.633457791363689E-002  6.076357995880212E-003
   8.20136852394917       5.179074762745228E-002  2.501718562960738E-002
   8.21114369501466       3.453997550930996E-002  3.296283540333687E-002
   8.22091886608016       1.215255845920712E-002  2.867487504171663E-002
   8.23069403714565       7.581093630089021E-003  2.777533641901118E-002
   8.24046920821114       6.726273415229219E-003  2.587506241778476E-002
   8.25024437927664       1.049420025034730E-002  2.134500799331835E-002
   8.26001955034213       1.730018892104863E-002  1.178059912864543E-002
   8.26979472140762       3.333019014166683E-002  5.419996709832581E-003
   8.27956989247312       5.010889630483929E-002  9.624463500791477E-003
   8.28934506353861       4.135869977216970E-002  1.547854516356215E-002
   8.29912023460411       2.055563859869132E-002  2.210904050048714E-002
   8.30889540566960       2.062958674626209E-002  2.421472968504440E-002
   8.31867057673509       3.424358525414365E-002  1.924558433019966E-002
   8.32844574780059       4.304113959563018E-002  2.061580957616363E-002
   8.33822091886608       4.187228524866965E-002  2.947864749081720E-002
   8.34799608993157       2.907396099600974E-002  1.769344361328188E-002
   8.35777126099707       1.033899389707807E-002 -8.098378070456700E-005
   8.36754643206256      -3.447100757335225E-003  4.404737316721179E-003
   8.37732160312805       2.091495739630582E-004  1.570530732876097E-002
   8.38709677419355       1.079980470556429E-002  2.261317323629682E-002
   8.39687194525904       1.402791305841324E-002  2.258647728672473E-002
   8.40664711632454       1.661329125281647E-002  1.451716894077153E-002
   8.41642228739003       1.975275971890171E-002  2.104795251190468E-002
   8.42619745845552       1.427732126234197E-002  4.195398259851588E-002
   8.43597262952102       1.416595946621016E-002  4.649860501169407E-002
   8.44574780058651       2.087847415312146E-002  3.843678963457826E-002
   8.45552297165200       3.377551876842637E-002  5.650191256832364E-002
   8.46529814271750       4.463531800218807E-002  8.460141686956105E-002
   8.47507331378299       3.676990951197197E-002  6.262201565208250E-002
   8.48484848484848       2.252767966861798E-002  2.450718996963317E-002
   8.49462365591398       1.289232221583258E-002  9.998373436622554E-003
   8.50439882697947       1.385920533963996E-002  9.564590823943762E-003
   8.51417399804497       2.740129525150734E-002  6.882184004233587E-003
   8.52394916911046       4.075835033841960E-002 -3.213340833527325E-003
   8.53372434017595       4.281684859415862E-002 -4.740207148187651E-003
   8.54349951124145       3.651720356214233E-002  6.744051800016551E-003
   8.55327468230694       3.285081087612918E-002  2.391741563640824E-002
   8.56304985337243       2.320926378213624E-002  4.016936315054909E-002
   8.57282502443793       9.415175872815469E-003  4.092580620534085E-002
   8.58260019550342       9.592700582153264E-003  3.818131135706895E-002
   8.59237536656891       2.269770018767209E-002  3.978952599473083E-002
   8.60215053763441       3.533401630085677E-002  3.360719169637946E-002
   8.61192570869990       3.880368830897204E-002  2.077334621449924E-002
   8.62170087976540       3.110664457214419E-002  2.331369105511031E-002
   8.63147605083089       2.666971497714190E-002  2.892795681813333E-002
   8.64125122189638       3.338202784984972E-002  2.173070883650647E-002
   8.65102639296188       3.088622516295164E-002  2.632764418990748E-002
   8.66080156402737       2.434534311196057E-002  3.814409626329188E-002
   8.67057673509286       2.800934823171426E-002  3.613728041695764E-002
   8.68035190615836       3.270340424315799E-002  3.042974819037099E-002
   8.69012707722385       3.120863461809577E-002  3.531200265934951E-002
   8.69990224828934       2.621139147496490E-002  4.651248946961404E-002
   8.70967741935484       2.718550995016794E-002  5.346495451320285E-002
   8.71945259042033       3.034360540300894E-002  5.834861455738200E-002
   8.72922776148583       3.818505727375966E-002  5.464095269338699E-002
   8.73900293255132       6.478414362314075E-002  6.098469821291241E-002
   8.74877810361681       8.673432325754964E-002  8.328896449648691E-002
   8.75855327468231       9.871068944892183E-002  7.372036605811379E-002
   8.76832844574780       0.119045263727003       5.169111195412284E-002
   8.77810361681329       0.134366968244481       4.376484188322861E-002
   8.78787878787879       0.108131037907348       2.207452891588270E-002
   8.79765395894428       7.028678609044704E-002 -1.246413917621606E-002
   8.80742913000977       5.539485513307744E-002  1.095094854120929E-003
   8.81720430107527       4.841646857843226E-002  5.024732581739458E-002
   8.82697947214076       4.196255109793693E-002  7.765242933354545E-002
   8.83675464320626       5.059742171831831E-002  7.541486299637253E-002
   8.84652981427175       6.975249533274387E-002  6.201304840345070E-002
   8.85630498533724       7.176995346657046E-002  5.229477465839489E-002
   8.86608015640274       6.302744461117793E-002  6.179487700065594E-002
   8.87585532746823       5.645540651907740E-002  7.124655822311021E-002
   8.88563049853372       5.750886615604040E-002  6.413077056336856E-002
   8.89540566959922       6.536790649662270E-002  5.153258517215520E-002
   8.90518084066471       6.436605597197458E-002  4.638582045291504E-002
   8.91495601173020       4.464444975520208E-002  4.254461339818451E-002
   8.92473118279570       2.428979193341413E-002  4.018455570562350E-002
   8.93450635386119       1.192104237101809E-002  4.376728536726588E-002
   8.94428152492669       2.622455426559799E-002  4.656700083972357E-002
   8.95405669599218       7.535427769620914E-002  3.631843062404613E-002
   8.96383186705767       0.108779684719479       2.892443662241790E-002
   8.97360703812317       0.112371348155181       3.358181133286092E-002
   8.98338220918866       0.107664006471520       3.227022683048268E-002
   8.99315738025415       8.722927032018953E-002  3.198469160028945E-002
   9.00293255131965       5.630853725933319E-002  4.971110017174120E-002
   9.01270772238514       4.203879480700153E-002  6.571352345229450E-002
   9.02248289345064       4.796775565051204E-002  6.233001179427394E-002
   9.03225806451613       5.637828050175415E-002  6.600431416768118E-002
   9.04203323558162       7.217188415885636E-002  7.688904951920016E-002
   9.05180840664712       0.100355466891825       5.832020983963578E-002
   9.06158357771261       0.123876667451546       2.498157037558084E-002
   9.07135874877810       0.117942700652561       1.375838303617322E-002
   9.08113391984360       9.078081306387557E-002  1.455344356399068E-002
   9.09090909090909       7.503196922077868E-002  1.934663366641624E-002
   9.10068426197459       8.152056705041502E-002  4.106082810408740E-002
   9.11045943304008       9.217349977687909E-002  6.455149819675741E-002
   9.12023460410557       9.265085895723894E-002  8.090659049524537E-002
   9.13000977517107       9.626945016248808E-002  8.274776430866375E-002
   9.13978494623656       8.895099370075761E-002  5.973973709369463E-002
   9.14956011730205       7.304746810481008E-002  5.955484355030972E-002
   9.15933528836755       7.781902779550996E-002  8.181195369221243E-002
   9.16911045943304       8.605036781542369E-002  8.021925713127805E-002
   9.17888563049853       9.248342051888020E-002  5.497579456088311E-002
   9.18866080156403       0.124224608962507       5.072315908349008E-002
   9.19843597262952       0.137322542196013       7.310548103223233E-002
   9.20821114369502       0.105761408632348       8.313818434928950E-002
   9.21798631476051       9.482429615274773E-002  8.479851784288266E-002
   9.22776148582600       0.101225035911098       0.100983066331033     
   9.23753665689150       0.105972418606382       0.108021369000345     
   9.24731182795699       0.115770063143588       9.181632286533660E-002
   9.25708699902248       0.113364918057586       8.630459982673651E-002
   9.26686217008798       0.100781599526103       9.265081119927233E-002
   9.27663734115347       0.101507528328643       8.197375688905707E-002
   9.28641251221896       9.936825423528568E-002  7.572780238742653E-002
   9.29618768328446       9.845327255177537E-002  9.827066221787266E-002
   9.30596285434995       0.110035824276688       0.107729910419975     
   9.31573802541545       0.136140458613476       8.964153227936127E-002
   9.32551319648094       0.154799280437804       8.721595462302348E-002
   9.33528836754643       0.146921793848547       8.907927512398542E-002
   9.34506353861193       0.137247711317236       8.705062743108892E-002
   9.35483870967742       0.126341051149301       0.116035939194637     
   9.36461388074291       0.115835039029713       0.140334413025908     
   9.37438905180841       0.116869133964162       0.133818822524779     
   9.38416422287390       0.126270492538057       0.112221051545553     
   9.39393939393939       0.142202381185694       9.619957358574836E-002
   9.40371456500489       0.155151344353260       8.978728417346504E-002
   9.41348973607038       0.159595159793382       9.371557393698599E-002
   9.42326490713588       0.162660155336447       0.120224817722314     
   9.43304007820137       0.174580067467176       0.149639009206151     
   9.44281524926686       0.177937153113395       0.139595491898968     
   9.45259042033236       0.158828280156268       0.117463863101069     
   9.46236559139785       0.152547750592274       0.111252404218816     
   9.47214076246334       0.158770136179770       0.120344663180997     
   9.48191593352884       0.150511791573153       0.132641677101546     
   9.49169110459433       0.131537870610484       0.133290488697650     
   9.50146627565982       0.134475967902963       0.134785560157036     
   9.51124144672532       0.163192478042828       0.143668564360218     
   9.52101661779081       0.172469126138331       0.153651316678373     
   9.53079178885631       0.148764572997243       0.157672161649626     
   9.54056695992180       0.133359872144089       0.153524059063029     
   9.55034213098729       0.140374819562957       0.134792765782227     
   9.56011730205279       0.141583792471729       0.108121778142919     
   9.56989247311828       0.142856748583676       0.116949401642631     
   9.57966764418377       0.175236964461883       0.146652759826547     
   9.58944281524927       0.200879269379126       0.171089050876511     
   9.59921798631476       0.192084999343018       0.188705044295997     
   9.60899315738025       0.169750586340804       0.183345584884013     
   9.61876832844575       0.159117126711767       0.162554988680356     
   9.62854349951124       0.161735641179928       0.158778028507472     
   9.63831867057674       0.158495906414518       0.181437241725337     
   9.64809384164223       0.148673133373891       0.197026337147700     
   9.65786901270772       0.157424787109449       0.194850013479451     
   9.66764418377322       0.183051624532612       0.214708245116875     
   9.67741935483871       0.189531483726094       0.231623743262108     
   9.68719452590420       0.174744364076714       0.217697632722626     
   9.69696969696970       0.181340632029337       0.197934642941590     
   9.70674486803519       0.210762618774397       0.175930844021463     
   9.71652003910068       0.211085152962410       0.163874444440251     
   9.72629521016618       0.175999159318655       0.170461504814174     
   9.73607038123167       0.160192736803230       0.186772270837151     
   9.74584555229717       0.184311700984876       0.189465888669270     
   9.75562072336266       0.207849643087822       0.183108582048098     
   9.76539589442815       0.212915047500646       0.184529598840679     
   9.77517106549365       0.208632942154048       0.191308371895223     
   9.78494623655914       0.213711512695440       0.197794466952551     
   9.79472140762463       0.232457005006770       0.202657758483401     
   9.80449657869013       0.260016344563207       0.198677553803803     
   9.81427174975562       0.286917561280541       0.189985308034768     
   9.82404692082111       0.299808701521032       0.202293763787981     
   9.83382209188661       0.300586240689034       0.216699214806480     
   9.84359726295210       0.282228313047700       0.220236710741255     
   9.85337243401760       0.258901937715417       0.216705861751309     
   9.86314760508309       0.243486570532595       0.216188189592313     
   9.87292277614858       0.222855436948823       0.225984279313820     
   9.88269794721408       0.223249395542786       0.250659279041669     
   9.89247311827957       0.254500336406357       0.278173715643780     
   9.90224828934506       0.268862321472102       0.295644899261232     
   9.91202346041056       0.272258073186923       0.295119384628489     
   9.92179863147605       0.281259852991265       0.282500867116475     
   9.93157380254154       0.287791948009116       0.272777601935650     
   9.94134897360704       0.309073398151532       0.252944520587079     
   9.95112414467253       0.351906993692860       0.233705366663458     
   9.96089931573803       0.362197282809822       0.232368751813245     
   9.97067448680352       0.346831168975918       0.247162596046312     
   9.98044965786901       0.346910669194984       0.269700879044984     
   9.99022482893451       0.345762166910687       0.294375078213714     
   10.0000000000000       0.319616907023940       0.324917295134140     
